3 : 3
5 : 5
7 : 7
9 : 3,3
11 : 11
13 : 13
15 : 3,5
17 : 17
19 : 19
21 : 3,7
23 : 23
25 : 5,5
27 : 3,3,3
29 : 29
31 : 31
33 : 3,11
35 : 5,7
37 : 37
39 : 3,13
41 : 41
43 : 43
45 : 3,3,5
47 : 47
49 : 7,7
51 : 3,17
53 : 53
55 : 5,11
57 : 3,19
59 : 59
61 : 61
63 : 3,3,7
65 : 5,13
67 : 67
69 : 3,23
71 : 71
73 : 73
75 : 3,5,5
77 : 7,11
79 : 79
81 : 3,3,3,3
83 : 83
85 : 5,17
87 : 3,29
89 : 89
91 : 7,13
93 : 3,31
95 : 5,19
97 : 97
99 : 3,3,11
101 : 101
103 : 103
105 : 3,5,7
107 : 107
109 : 109
111 : 3,37
113 : 113
115 : 5,23
117 : 3,3,13
119 : 7,17
121 : 11,11
123 : 3,41
125 : 5,5,5
127 : 127
129 : 3,43
131 : 131
133 : 7,19
135 : 3,3,3,5
137 : 137
139 : 139
141 : 3,47
143 : 11,13
145 : 5,29
147 : 3,7,7
149 : 149
151 : 151
153 : 3,3,17
155 : 5,31
157 : 157
159 : 3,53
161 : 7,23
163 : 163
165 : 3,5,11
167 : 167
169 : 13,13
171 : 3,3,19
173 : 173
175 : 5,5,7
177 : 3,59
179 : 179
181 : 181
183 : 3,61
185 : 5,37
187 : 11,17
189 : 3,3,3,7
191 : 191
193 : 193
195 : 3,5,13
197 : 197
199 : 199
201 : 3,67
203 : 7,29
205 : 5,41
207 : 3,3,23
209 : 11,19
211 : 211
213 : 3,71
215 : 5,43
217 : 7,31
219 : 3,73
221 : 13,17
223 : 223
225 : 3,3,5,5
227 : 227
229 : 229
231 : 3,7,11
233 : 233
235 : 5,47
237 : 3,79
239 : 239
241 : 241
243 : 3,3,3,3,3
245 : 5,7,7
247 : 13,19
249 : 3,83
251 : 251
253 : 11,23
255 : 3,5,17
257 : 257
259 : 7,37
261 : 3,3,29
263 : 263
265 : 5,53
267 : 3,89
269 : 269
271 : 271
273 : 3,7,13
275 : 5,5,11
277 : 277
279 : 3,3,31
281 : 281
283 : 283
285 : 3,5,19
287 : 7,41
289 : 17,17
291 : 3,97
293 : 293
295 : 5,59
297 : 3,3,3,11
299 : 13,23
301 : 7,43
303 : 3,101
305 : 5,61
307 : 307
309 : 3,103
311 : 311
313 : 313
315 : 3,3,5,7
317 : 317
319 : 11,29
321 : 3,107
323 : 17,19
325 : 5,5,13
327 : 3,109
329 : 7,47
331 : 331
333 : 3,3,37
335 : 5,67
337 : 337
339 : 3,113
341 : 11,31
343 : 7,7,7
345 : 3,5,23
347 : 347
349 : 349
351 : 3,3,3,13
353 : 353
355 : 5,71
357 : 3,7,17
359 : 359
361 : 19,19
363 : 3,11,11
365 : 5,73
367 : 367
369 : 3,3,41
371 : 7,53
373 : 373
375 : 3,5,5,5
377 : 13,29
379 : 379
381 : 3,127
383 : 383
385 : 5,7,11
387 : 3,3,43
389 : 389
391 : 17,23
393 : 3,131
395 : 5,79
397 : 397
399 : 3,7,19
401 : 401
403 : 13,31
405 : 3,3,3,3,5
407 : 11,37
409 : 409
411 : 3,137
413 : 7,59
415 : 5,83
417 : 3,139
419 : 419
421 : 421
423 : 3,3,47
425 : 5,5,17
427 : 7,61
429 : 3,11,13
431 : 431
433 : 433
435 : 3,5,29
437 : 19,23
439 : 439
441 : 3,3,7,7
443 : 443
445 : 5,89
447 : 3,149
449 : 449
451 : 11,41
453 : 3,151
455 : 5,7,13
457 : 457
459 : 3,3,3,17
461 : 461
463 : 463
465 : 3,5,31
467 : 467
469 : 7,67
471 : 3,157
473 : 11,43
475 : 5,5,19
477 : 3,3,53
479 : 479
481 : 13,37
483 : 3,7,23
485 : 5,97
487 : 487
489 : 3,163
491 : 491
493 : 17,29
495 : 3,3,5,11
497 : 7,71
499 : 499
501 : 3,167
503 : 503
505 : 5,101
507 : 3,13,13
509 : 509
511 : 7,73
513 : 3,3,3,19
515 : 5,103
517 : 11,47
519 : 3,173
521 : 521
523 : 523
525 : 3,5,5,7
527 : 17,31
529 : 23,23
531 : 3,3,59
533 : 13,41
535 : 5,107
537 : 3,179
539 : 7,7,11
541 : 541
543 : 3,181
545 : 5,109
547 : 547
549 : 3,3,61
551 : 19,29
553 : 7,79
555 : 3,5,37
557 : 557
559 : 13,43
561 : 3,11,17
563 : 563
565 : 5,113
567 : 3,3,3,3,7
569 : 569
571 : 571
573 : 3,191
575 : 5,5,23
577 : 577
579 : 3,193
581 : 7,83
583 : 11,53
585 : 3,3,5,13
587 : 587
589 : 19,31
591 : 3,197
593 : 593
595 : 5,7,17
597 : 3,199
599 : 599
601 : 601
603 : 3,3,67
605 : 5,11,11
607 : 607
609 : 3,7,29
611 : 13,47
613 : 613
615 : 3,5,41
617 : 617
619 : 619
621 : 3,3,3,23
623 : 7,89
625 : 5,5,5,5
627 : 3,11,19
629 : 17,37
631 : 631
633 : 3,211
635 : 5,127
637 : 7,7,13
639 : 3,3,71
641 : 641
643 : 643
645 : 3,5,43
647 : 647
649 : 11,59
651 : 3,7,31
653 : 653
655 : 5,131
657 : 3,3,73
659 : 659
661 : 661
663 : 3,13,17
665 : 5,7,19
667 : 23,29
669 : 3,223
671 : 11,61
673 : 673
675 : 3,3,3,5,5
677 : 677
679 : 7,97
681 : 3,227
683 : 683
685 : 5,137
687 : 3,229
689 : 13,53
691 : 691
693 : 3,3,7,11
695 : 5,139
697 : 17,41
699 : 3,233
701 : 701
703 : 19,37
705 : 3,5,47
707 : 7,101
709 : 709
711 : 3,3,79
713 : 23,31
715 : 5,11,13
717 : 3,239
719 : 719
721 : 7,103
723 : 3,241
725 : 5,5,29
727 : 727
729 : 3,3,3,3,3,3
731 : 17,43
733 : 733
735 : 3,5,7,7
737 : 11,67
739 : 739
741 : 3,13,19
743 : 743
745 : 5,149
747 : 3,3,83
749 : 7,107
751 : 751
753 : 3,251
755 : 5,151
757 : 757
759 : 3,11,23
761 : 761
763 : 7,109
765 : 3,3,5,17
767 : 13,59
769 : 769
771 : 3,257
773 : 773
775 : 5,5,31
777 : 3,7,37
779 : 19,41
781 : 11,71
783 : 3,3,3,29
785 : 5,157
787 : 787
789 : 3,263
791 : 7,113
793 : 13,61
795 : 3,5,53
797 : 797
799 : 17,47
801 : 3,3,89
803 : 11,73
805 : 5,7,23
807 : 3,269
809 : 809
811 : 811
813 : 3,271
815 : 5,163
817 : 19,43
819 : 3,3,7,13
821 : 821
823 : 823
825 : 3,5,5,11
827 : 827
829 : 829
831 : 3,277
833 : 7,7,17
835 : 5,167
837 : 3,3,3,31
839 : 839
841 : 29,29
843 : 3,281
845 : 5,13,13
847 : 7,11,11
849 : 3,283
851 : 23,37
853 : 853
855 : 3,3,5,19
857 : 857
859 : 859
861 : 3,7,41
863 : 863
865 : 5,173
867 : 3,17,17
869 : 11,79
871 : 13,67
873 : 3,3,97
875 : 5,5,5,7
877 : 877
879 : 3,293
881 : 881
883 : 883
885 : 3,5,59
887 : 887
889 : 7,127
891 : 3,3,3,3,11
893 : 19,47
895 : 5,179
897 : 3,13,23
899 : 29,31
901 : 17,53
903 : 3,7,43
905 : 5,181
907 : 907
909 : 3,3,101
911 : 911
913 : 11,83
915 : 3,5,61
917 : 7,131
919 : 919
921 : 3,307
923 : 13,71
925 : 5,5,37
927 : 3,3,103
929 : 929
931 : 7,7,19
933 : 3,311
935 : 5,11,17
937 : 937
939 : 3,313
941 : 941
943 : 23,41
945 : 3,3,3,5,7
947 : 947
949 : 13,73
951 : 3,317
953 : 953
955 : 5,191
957 : 3,11,29
959 : 7,137
961 : 31,31
963 : 3,3,107
965 : 5,193
967 : 967
969 : 3,17,19
971 : 971
973 : 7,139
975 : 3,5,5,13
977 : 977
979 : 11,89
981 : 3,3,109
983 : 983
985 : 5,197
987 : 3,7,47
989 : 23,43
991 : 991
993 : 3,331
995 : 5,199
997 : 997
999 : 3,3,3,37
