3 : 3
5 : 5
7 : 7
9 : 3,3
11 : 11
13 : 13
15 : 3,5
17 : 17
19 : 19
21 : 3,7
23 : 23
25 : 5,5
27 : 3,3,3
29 : 29
31 : 31
33 : 3,11
35 : 5,7
37 : 37
39 : 3,13
41 : 41
43 : 43
45 : 3,3,5
47 : 47
49 : 7,7
51 : 3,17
53 : 53
55 : 5,11
57 : 3,19
59 : 59
61 : 61
63 : 3,3,7
65 : 5,13
67 : 67
69 : 3,23
71 : 71
73 : 73
75 : 3,5,5
77 : 7,11
79 : 79
81 : 3,3,3,3
83 : 83
85 : 5,17
87 : 3,29
89 : 89
91 : 7,13
93 : 3,31
95 : 5,19
97 : 97
99 : 3,3,11
101 : 101
103 : 103
105 : 3,5,7
107 : 107
109 : 109
111 : 3,37
113 : 113
115 : 5,23
117 : 3,3,13
119 : 7,17
121 : 11,11
123 : 3,41
125 : 5,5,5
127 : 127
129 : 3,43
131 : 131
133 : 7,19
135 : 3,3,3,5
137 : 137
139 : 139
141 : 3,47
143 : 11,13
145 : 5,29
147 : 3,7,7
149 : 149
151 : 151
153 : 3,3,17
155 : 5,31
157 : 157
159 : 3,53
161 : 7,23
163 : 163
165 : 3,5,11
167 : 167
169 : 13,13
171 : 3,3,19
173 : 173
175 : 5,5,7
177 : 3,59
179 : 179
181 : 181
183 : 3,61
185 : 5,37
187 : 11,17
189 : 3,3,3,7
191 : 191
193 : 193
195 : 3,5,13
197 : 197
199 : 199
201 : 3,67
203 : 7,29
205 : 5,41
207 : 3,3,23
209 : 11,19
211 : 211
213 : 3,71
215 : 5,43
217 : 7,31
219 : 3,73
221 : 13,17
223 : 223
225 : 3,3,5,5
227 : 227
229 : 229
231 : 3,7,11
233 : 233
235 : 5,47
237 : 3,79
239 : 239
241 : 241
243 : 3,3,3,3,3
245 : 5,7,7
247 : 13,19
249 : 3,83
251 : 251
253 : 11,23
255 : 3,5,17
257 : 257
259 : 7,37
261 : 3,3,29
263 : 263
265 : 5,53
267 : 3,89
269 : 269
271 : 271
273 : 3,7,13
275 : 5,5,11
277 : 277
279 : 3,3,31
281 : 281
283 : 283
285 : 3,5,19
287 : 7,41
289 : 17,17
291 : 3,97
293 : 293
295 : 5,59
297 : 3,3,3,11
299 : 13,23
301 : 7,43
303 : 3,101
305 : 5,61
307 : 307
309 : 3,103
311 : 311
313 : 313
315 : 3,3,5,7
317 : 317
319 : 11,29
321 : 3,107
323 : 17,19
325 : 5,5,13
327 : 3,109
329 : 7,47
331 : 331
333 : 3,3,37
335 : 5,67
337 : 337
339 : 3,113
341 : 11,31
343 : 7,7,7
345 : 3,5,23
347 : 347
349 : 349
351 : 3,3,3,13
353 : 353
355 : 5,71
357 : 3,7,17
359 : 359
361 : 19,19
363 : 3,11,11
365 : 5,73
367 : 367
369 : 3,3,41
371 : 7,53
373 : 373
375 : 3,5,5,5
377 : 13,29
379 : 379
381 : 3,127
383 : 383
385 : 5,7,11
387 : 3,3,43
389 : 389
391 : 17,23
393 : 3,131
395 : 5,79
397 : 397
399 : 3,7,19
401 : 401
403 : 13,31
405 : 3,3,3,3,5
407 : 11,37
409 : 409
411 : 3,137
413 : 7,59
415 : 5,83
417 : 3,139
419 : 419
421 : 421
423 : 3,3,47
425 : 5,5,17
427 : 7,61
429 : 3,11,13
431 : 431
433 : 433
435 : 3,5,29
437 : 19,23
439 : 439
441 : 3,3,7,7
443 : 443
445 : 5,89
447 : 3,149
449 : 449
451 : 11,41
453 : 3,151
455 : 5,7,13
457 : 457
459 : 3,3,3,17
461 : 461
463 : 463
465 : 3,5,31
467 : 467
469 : 7,67
471 : 3,157
473 : 11,43
475 : 5,5,19
477 : 3,3,53
479 : 479
481 : 13,37
483 : 3,7,23
485 : 5,97
487 : 487
489 : 3,163
491 : 491
493 : 17,29
495 : 3,3,5,11
497 : 7,71
499 : 499
501 : 3,167
503 : 503
505 : 5,101
507 : 3,13,13
509 : 509
511 : 7,73
513 : 3,3,3,19
515 : 5,103
517 : 11,47
519 : 3,173
521 : 521
523 : 523
525 : 3,5,5,7
527 : 17,31
529 : 23,23
531 : 3,3,59
533 : 13,41
535 : 5,107
537 : 3,179
539 : 7,7,11
541 : 541
543 : 3,181
545 : 5,109
547 : 547
549 : 3,3,61
551 : 19,29
553 : 7,79
555 : 3,5,37
557 : 557
559 : 13,43
561 : 3,11,17
563 : 563
565 : 5,113
567 : 3,3,3,3,7
569 : 569
571 : 571
573 : 3,191
575 : 5,5,23
577 : 577
579 : 3,193
581 : 7,83
583 : 11,53
585 : 3,3,5,13
587 : 587
589 : 19,31
591 : 3,197
593 : 593
595 : 5,7,17
597 : 3,199
599 : 599
601 : 601
603 : 3,3,67
605 : 5,11,11
607 : 607
609 : 3,7,29
611 : 13,47
613 : 613
615 : 3,5,41
617 : 617
619 : 619
621 : 3,3,3,23
623 : 7,89
625 : 5,5,5,5
627 : 3,11,19
629 : 17,37
631 : 631
633 : 3,211
635 : 5,127
637 : 7,7,13
639 : 3,3,71
641 : 641
643 : 643
645 : 3,5,43
647 : 647
649 : 11,59
651 : 3,7,31
653 : 653
655 : 5,131
657 : 3,3,73
659 : 659
661 : 661
663 : 3,13,17
665 : 5,7,19
667 : 23,29
669 : 3,223
671 : 11,61
673 : 673
675 : 3,3,3,5,5
677 : 677
679 : 7,97
681 : 3,227
683 : 683
685 : 5,137
687 : 3,229
689 : 13,53
691 : 691
693 : 3,3,7,11
695 : 5,139
697 : 17,41
699 : 3,233
701 : 701
703 : 19,37
705 : 3,5,47
707 : 7,101
709 : 709
711 : 3,3,79
713 : 23,31
715 : 5,11,13
717 : 3,239
719 : 719
721 : 7,103
723 : 3,241
725 : 5,5,29
727 : 727
729 : 3,3,3,3,3,3
731 : 17,43
733 : 733
735 : 3,5,7,7
737 : 11,67
739 : 739
741 : 3,13,19
743 : 743
745 : 5,149
747 : 3,3,83
749 : 7,107
751 : 751
753 : 3,251
755 : 5,151
757 : 757
759 : 3,11,23
761 : 761
763 : 7,109
765 : 3,3,5,17
767 : 13,59
769 : 769
771 : 3,257
773 : 773
775 : 5,5,31
777 : 3,7,37
779 : 19,41
781 : 11,71
783 : 3,3,3,29
785 : 5,157
787 : 787
789 : 3,263
791 : 7,113
793 : 13,61
795 : 3,5,53
797 : 797
799 : 17,47
801 : 3,3,89
803 : 11,73
805 : 5,7,23
807 : 3,269
809 : 809
811 : 811
813 : 3,271
815 : 5,163
817 : 19,43
819 : 3,3,7,13
821 : 821
823 : 823
825 : 3,5,5,11
827 : 827
829 : 829
831 : 3,277
833 : 7,7,17
835 : 5,167
837 : 3,3,3,31
839 : 839
841 : 29,29
843 : 3,281
845 : 5,13,13
847 : 7,11,11
849 : 3,283
851 : 23,37
853 : 853
855 : 3,3,5,19
857 : 857
859 : 859
861 : 3,7,41
863 : 863
865 : 5,173
867 : 3,17,17
869 : 11,79
871 : 13,67
873 : 3,3,97
875 : 5,5,5,7
877 : 877
879 : 3,293
881 : 881
883 : 883
885 : 3,5,59
887 : 887
889 : 7,127
891 : 3,3,3,3,11
893 : 19,47
895 : 5,179
897 : 3,13,23
899 : 29,31
901 : 17,53
903 : 3,7,43
905 : 5,181
907 : 907
909 : 3,3,101
911 : 911
913 : 11,83
915 : 3,5,61
917 : 7,131
919 : 919
921 : 3,307
923 : 13,71
925 : 5,5,37
927 : 3,3,103
929 : 929
931 : 7,7,19
933 : 3,311
935 : 5,11,17
937 : 937
939 : 3,313
941 : 941
943 : 23,41
945 : 3,3,3,5,7
947 : 947
949 : 13,73
951 : 3,317
953 : 953
955 : 5,191
957 : 3,11,29
959 : 7,137
961 : 31,31
963 : 3,3,107
965 : 5,193
967 : 967
969 : 3,17,19
971 : 971
973 : 7,139
975 : 3,5,5,13
977 : 977
979 : 11,89
981 : 3,3,109
983 : 983
985 : 5,197
987 : 3,7,47
989 : 23,43
991 : 991
993 : 3,331
995 : 5,199
997 : 997
999 : 3,3,3,37
1001 : 7,11,13
1003 : 17,59
1005 : 3,5,67
1007 : 19,53
1009 : 1009
1011 : 3,337
1013 : 1013
1015 : 5,7,29
1017 : 3,3,113
1019 : 1019
1021 : 1021
1023 : 3,11,31
1025 : 5,5,41
1027 : 13,79
1029 : 3,7,7,7
1031 : 1031
1033 : 1033
1035 : 3,3,5,23
1037 : 17,61
1039 : 1039
1041 : 3,347
1043 : 7,149
1045 : 5,11,19
1047 : 3,349
1049 : 1049
1051 : 1051
1053 : 3,3,3,3,13
1055 : 5,211
1057 : 7,151
1059 : 3,353
1061 : 1061
1063 : 1063
1065 : 3,5,71
1067 : 11,97
1069 : 1069
1071 : 3,3,7,17
1073 : 29,37
1075 : 5,5,43
1077 : 3,359
1079 : 13,83
1081 : 23,47
1083 : 3,19,19
1085 : 5,7,31
1087 : 1087
1089 : 3,3,11,11
1091 : 1091
1093 : 1093
1095 : 3,5,73
1097 : 1097
1099 : 7,157
1101 : 3,367
1103 : 1103
1105 : 5,13,17
1107 : 3,3,3,41
1109 : 1109
1111 : 11,101
1113 : 3,7,53
1115 : 5,223
1117 : 1117
1119 : 3,373
1121 : 19,59
1123 : 1123
1125 : 3,3,5,5,5
1127 : 7,7,23
1129 : 1129
1131 : 3,13,29
1133 : 11,103
1135 : 5,227
1137 : 3,379
1139 : 17,67
1141 : 7,163
1143 : 3,3,127
1145 : 5,229
1147 : 31,37
1149 : 3,383
1151 : 1151
1153 : 1153
1155 : 3,5,7,11
1157 : 13,89
1159 : 19,61
1161 : 3,3,3,43
1163 : 1163
1165 : 5,233
1167 : 3,389
1169 : 7,167
1171 : 1171
1173 : 3,17,23
1175 : 5,5,47
1177 : 11,107
1179 : 3,3,131
1181 : 1181
1183 : 7,13,13
1185 : 3,5,79
1187 : 1187
1189 : 29,41
1191 : 3,397
1193 : 1193
1195 : 5,239
1197 : 3,3,7,19
1199 : 11,109
1201 : 1201
1203 : 3,401
1205 : 5,241
1207 : 17,71
1209 : 3,13,31
1211 : 7,173
1213 : 1213
1215 : 3,3,3,3,3,5
1217 : 1217
1219 : 23,53
1221 : 3,11,37
1223 : 1223
1225 : 5,5,7,7
1227 : 3,409
1229 : 1229
1231 : 1231
1233 : 3,3,137
1235 : 5,13,19
1237 : 1237
1239 : 3,7,59
1241 : 17,73
1243 : 11,113
1245 : 3,5,83
1247 : 29,43
1249 : 1249
1251 : 3,3,139
1253 : 7,179
1255 : 5,251
1257 : 3,419
1259 : 1259
1261 : 13,97
1263 : 3,421
1265 : 5,11,23
1267 : 7,181
1269 : 3,3,3,47
1271 : 31,41
1273 : 19,67
1275 : 3,5,5,17
1277 : 1277
1279 : 1279
1281 : 3,7,61
1283 : 1283
1285 : 5,257
1287 : 3,3,11,13
1289 : 1289
1291 : 1291
1293 : 3,431
1295 : 5,7,37
1297 : 1297
1299 : 3,433
1301 : 1301
1303 : 1303
1305 : 3,3,5,29
1307 : 1307
1309 : 7,11,17
1311 : 3,19,23
1313 : 13,101
1315 : 5,263
1317 : 3,439
1319 : 1319
1321 : 1321
1323 : 3,3,3,7,7
1325 : 5,5,53
1327 : 1327
1329 : 3,443
1331 : 11,11,11
1333 : 31,43
1335 : 3,5,89
1337 : 7,191
1339 : 13,103
1341 : 3,3,149
1343 : 17,79
1345 : 5,269
1347 : 3,449
1349 : 19,71
1351 : 7,193
1353 : 3,11,41
1355 : 5,271
1357 : 23,59
1359 : 3,3,151
1361 : 1361
1363 : 29,47
1365 : 3,5,7,13
1367 : 1367
1369 : 37,37
1371 : 3,457
1373 : 1373
1375 : 5,5,5,11
1377 : 3,3,3,3,17
1379 : 7,197
1381 : 1381
1383 : 3,461
1385 : 5,277
1387 : 19,73
1389 : 3,463
1391 : 13,107
1393 : 7,199
1395 : 3,3,5,31
1397 : 11,127
1399 : 1399
1401 : 3,467
1403 : 23,61
1405 : 5,281
1407 : 3,7,67
1409 : 1409
1411 : 17,83
1413 : 3,3,157
1415 : 5,283
1417 : 13,109
1419 : 3,11,43
1421 : 7,7,29
1423 : 1423
1425 : 3,5,5,19
1427 : 1427
1429 : 1429
1431 : 3,3,3,53
1433 : 1433
1435 : 5,7,41
1437 : 3,479
1439 : 1439
1441 : 11,131
1443 : 3,13,37
1445 : 5,17,17
1447 : 1447
1449 : 3,3,7,23
1451 : 1451
1453 : 1453
1455 : 3,5,97
1457 : 31,47
1459 : 1459
1461 : 3,487
1463 : 7,11,19
1465 : 5,293
1467 : 3,3,163
1469 : 13,113
1471 : 1471
1473 : 3,491
1475 : 5,5,59
1477 : 7,211
1479 : 3,17,29
1481 : 1481
1483 : 1483
1485 : 3,3,3,5,11
1487 : 1487
1489 : 1489
1491 : 3,7,71
1493 : 1493
1495 : 5,13,23
1497 : 3,499
1499 : 1499
1501 : 19,79
1503 : 3,3,167
1505 : 5,7,43
1507 : 11,137
1509 : 3,503
1511 : 1511
1513 : 17,89
1515 : 3,5,101
1517 : 37,41
1519 : 7,7,31
1521 : 3,3,13,13
1523 : 1523
1525 : 5,5,61
1527 : 3,509
1529 : 11,139
1531 : 1531
1533 : 3,7,73
1535 : 5,307
1537 : 29,53
1539 : 3,3,3,3,19
1541 : 23,67
1543 : 1543
1545 : 3,5,103
1547 : 7,13,17
1549 : 1549
1551 : 3,11,47
1553 : 1553
1555 : 5,311
1557 : 3,3,173
1559 : 1559
1561 : 7,223
1563 : 3,521
1565 : 5,313
1567 : 1567
1569 : 3,523
1571 : 1571
1573 : 11,11,13
1575 : 3,3,5,5,7
1577 : 19,83
1579 : 1579
1581 : 3,17,31
1583 : 1583
1585 : 5,317
1587 : 3,23,23
1589 : 7,227
1591 : 37,43
1593 : 3,3,3,59
1595 : 5,11,29
1597 : 1597
1599 : 3,13,41
1601 : 1601
1603 : 7,229
1605 : 3,5,107
1607 : 1607
1609 : 1609
1611 : 3,3,179
1613 : 1613
1615 : 5,17,19
1617 : 3,7,7,11
1619 : 1619
1621 : 1621
1623 : 3,541
1625 : 5,5,5,13
1627 : 1627
1629 : 3,3,181
1631 : 7,233
1633 : 23,71
1635 : 3,5,109
1637 : 1637
1639 : 11,149
1641 : 3,547
1643 : 31,53
1645 : 5,7,47
1647 : 3,3,3,61
1649 : 17,97
1651 : 13,127
1653 : 3,19,29
1655 : 5,331
1657 : 1657
1659 : 3,7,79
1661 : 11,151
1663 : 1663
1665 : 3,3,5,37
1667 : 1667
1669 : 1669
1671 : 3,557
1673 : 7,239
1675 : 5,5,67
1677 : 3,13,43
1679 : 23,73
1681 : 41,41
1683 : 3,3,11,17
1685 : 5,337
1687 : 7,241
1689 : 3,563
1691 : 19,89
1693 : 1693
1695 : 3,5,113
1697 : 1697
1699 : 1699
1701 : 3,3,3,3,3,7
1703 : 13,131
1705 : 5,11,31
1707 : 3,569
1709 : 1709
1711 : 29,59
1713 : 3,571
1715 : 5,7,7,7
1717 : 17,101
1719 : 3,3,191
1721 : 1721
1723 : 1723
1725 : 3,5,5,23
1727 : 11,157
1729 : 7,13,19
1731 : 3,577
1733 : 1733
1735 : 5,347
1737 : 3,3,193
1739 : 37,47
1741 : 1741
1743 : 3,7,83
1745 : 5,349
1747 : 1747
1749 : 3,11,53
1751 : 17,103
1753 : 1753
1755 : 3,3,3,5,13
1757 : 7,251
1759 : 1759
1761 : 3,587
1763 : 41,43
1765 : 5,353
1767 : 3,19,31
1769 : 29,61
1771 : 7,11,23
1773 : 3,3,197
1775 : 5,5,71
1777 : 1777
1779 : 3,593
1781 : 13,137
1783 : 1783
1785 : 3,5,7,17
1787 : 1787
1789 : 1789
1791 : 3,3,199
1793 : 11,163
1795 : 5,359
1797 : 3,599
1799 : 7,257
1801 : 1801
1803 : 3,601
1805 : 5,19,19
1807 : 13,139
1809 : 3,3,3,67
1811 : 1811
1813 : 7,7,37
1815 : 3,5,11,11
1817 : 23,79
1819 : 17,107
1821 : 3,607
1823 : 1823
1825 : 5,5,73
1827 : 3,3,7,29
1829 : 31,59
1831 : 1831
1833 : 3,13,47
1835 : 5,367
1837 : 11,167
1839 : 3,613
1841 : 7,263
1843 : 19,97
1845 : 3,3,5,41
1847 : 1847
1849 : 43,43
1851 : 3,617
1853 : 17,109
1855 : 5,7,53
1857 : 3,619
1859 : 11,13,13
1861 : 1861
1863 : 3,3,3,3,23
1865 : 5,373
1867 : 1867
1869 : 3,7,89
1871 : 1871
1873 : 1873
1875 : 3,5,5,5,5
1877 : 1877
1879 : 1879
1881 : 3,3,11,19
1883 : 7,269
1885 : 5,13,29
1887 : 3,17,37
1889 : 1889
1891 : 31,61
1893 : 3,631
1895 : 5,379
1897 : 7,271
1899 : 3,3,211
1901 : 1901
1903 : 11,173
1905 : 3,5,127
1907 : 1907
1909 : 23,83
1911 : 3,7,7,13
1913 : 1913
1915 : 5,383
1917 : 3,3,3,71
1919 : 19,101
1921 : 17,113
1923 : 3,641
1925 : 5,5,7,11
1927 : 41,47
1929 : 3,643
1931 : 1931
1933 : 1933
1935 : 3,3,5,43
1937 : 13,149
1939 : 7,277
1941 : 3,647
1943 : 29,67
1945 : 5,389
1947 : 3,11,59
1949 : 1949
1951 : 1951
1953 : 3,3,7,31
1955 : 5,17,23
1957 : 19,103
1959 : 3,653
1961 : 37,53
1963 : 13,151
1965 : 3,5,131
1967 : 7,281
1969 : 11,179
1971 : 3,3,3,73
1973 : 1973
1975 : 5,5,79
1977 : 3,659
1979 : 1979
1981 : 7,283
1983 : 3,661
1985 : 5,397
1987 : 1987
1989 : 3,3,13,17
1991 : 11,181
1993 : 1993
1995 : 3,5,7,19
1997 : 1997
1999 : 1999
2001 : 3,23,29
2003 : 2003
2005 : 5,401
2007 : 3,3,223
2009 : 7,7,41
2011 : 2011
2013 : 3,11,61
2015 : 5,13,31
2017 : 2017
2019 : 3,673
2021 : 43,47
2023 : 7,17,17
2025 : 3,3,3,3,5,5
2027 : 2027
2029 : 2029
2031 : 3,677
2033 : 19,107
2035 : 5,11,37
2037 : 3,7,97
2039 : 2039
2041 : 13,157
2043 : 3,3,227
2045 : 5,409
2047 : 23,89
2049 : 3,683
2051 : 7,293
2053 : 2053
2055 : 3,5,137
2057 : 11,11,17
2059 : 29,71
2061 : 3,3,229
2063 : 2063
2065 : 5,7,59
2067 : 3,13,53
2069 : 2069
2071 : 19,109
2073 : 3,691
2075 : 5,5,83
2077 : 31,67
2079 : 3,3,3,7,11
2081 : 2081
2083 : 2083
2085 : 3,5,139
2087 : 2087
2089 : 2089
2091 : 3,17,41
2093 : 7,13,23
2095 : 5,419
2097 : 3,3,233
2099 : 2099
2101 : 11,191
2103 : 3,701
2105 : 5,421
2107 : 7,7,43
2109 : 3,19,37
2111 : 2111
2113 : 2113
2115 : 3,3,5,47
2117 : 29,73
2119 : 13,163
2121 : 3,7,101
2123 : 11,193
2125 : 5,5,5,17
2127 : 3,709
2129 : 2129
2131 : 2131
2133 : 3,3,3,79
2135 : 5,7,61
2137 : 2137
2139 : 3,23,31
2141 : 2141
2143 : 2143
2145 : 3,5,11,13
2147 : 19,113
2149 : 7,307
2151 : 3,3,239
2153 : 2153
2155 : 5,431
2157 : 3,719
2159 : 17,127
2161 : 2161
2163 : 3,7,103
2165 : 5,433
2167 : 11,197
2169 : 3,3,241
2171 : 13,167
2173 : 41,53
2175 : 3,5,5,29
2177 : 7,311
2179 : 2179
2181 : 3,727
2183 : 37,59
2185 : 5,19,23
2187 : 3,3,3,3,3,3,3
2189 : 11,199
2191 : 7,313
2193 : 3,17,43
2195 : 5,439
2197 : 13,13,13
2199 : 3,733
2201 : 31,71
2203 : 2203
2205 : 3,3,5,7,7
2207 : 2207
2209 : 47,47
2211 : 3,11,67
2213 : 2213
2215 : 5,443
2217 : 3,739
2219 : 7,317
2221 : 2221
2223 : 3,3,13,19
2225 : 5,5,89
2227 : 17,131
2229 : 3,743
2231 : 23,97
2233 : 7,11,29
2235 : 3,5,149
2237 : 2237
2239 : 2239
2241 : 3,3,3,83
2243 : 2243
2245 : 5,449
2247 : 3,7,107
2249 : 13,173
2251 : 2251
2253 : 3,751
2255 : 5,11,41
2257 : 37,61
2259 : 3,3,251
2261 : 7,17,19
2263 : 31,73
2265 : 3,5,151
2267 : 2267
2269 : 2269
2271 : 3,757
2273 : 2273
2275 : 5,5,7,13
2277 : 3,3,11,23
2279 : 43,53
2281 : 2281
2283 : 3,761
2285 : 5,457
2287 : 2287
2289 : 3,7,109
2291 : 29,79
2293 : 2293
2295 : 3,3,3,5,17
2297 : 2297
2299 : 11,11,19
2301 : 3,13,59
2303 : 7,7,47
2305 : 5,461
2307 : 3,769
2309 : 2309
2311 : 2311
2313 : 3,3,257
2315 : 5,463
2317 : 7,331
2319 : 3,773
2321 : 11,211
2323 : 23,101
2325 : 3,5,5,31
2327 : 13,179
2329 : 17,137
2331 : 3,3,7,37
2333 : 2333
2335 : 5,467
2337 : 3,19,41
2339 : 2339
2341 : 2341
2343 : 3,11,71
2345 : 5,7,67
2347 : 2347
2349 : 3,3,3,3,29
2351 : 2351
2353 : 13,181
2355 : 3,5,157
2357 : 2357
2359 : 7,337
2361 : 3,787
2363 : 17,139
2365 : 5,11,43
2367 : 3,3,263
2369 : 23,103
2371 : 2371
2373 : 3,7,113
2375 : 5,5,5,19
2377 : 2377
2379 : 3,13,61
2381 : 2381
2383 : 2383
2385 : 3,3,5,53
2387 : 7,11,31
2389 : 2389
2391 : 3,797
2393 : 2393
2395 : 5,479
2397 : 3,17,47
2399 : 2399
2401 : 7,7,7,7
2403 : 3,3,3,89
2405 : 5,13,37
2407 : 29,83
2409 : 3,11,73
2411 : 2411
2413 : 19,127
2415 : 3,5,7,23
2417 : 2417
2419 : 41,59
2421 : 3,3,269
2423 : 2423
2425 : 5,5,97
2427 : 3,809
2429 : 7,347
2431 : 11,13,17
2433 : 3,811
2435 : 5,487
2437 : 2437
2439 : 3,3,271
2441 : 2441
2443 : 7,349
2445 : 3,5,163
2447 : 2447
2449 : 31,79
2451 : 3,19,43
2453 : 11,223
2455 : 5,491
2457 : 3,3,3,7,13
2459 : 2459
2461 : 23,107
2463 : 3,821
2465 : 5,17,29
2467 : 2467
2469 : 3,823
2471 : 7,353
2473 : 2473
2475 : 3,3,5,5,11
2477 : 2477
2479 : 37,67
2481 : 3,827
2483 : 13,191
2485 : 5,7,71
2487 : 3,829
2489 : 19,131
2491 : 47,53
2493 : 3,3,277
2495 : 5,499
2497 : 11,227
2499 : 3,7,7,17
2501 : 41,61
2503 : 2503
2505 : 3,5,167
2507 : 23,109
2509 : 13,193
2511 : 3,3,3,3,31
2513 : 7,359
2515 : 5,503
2517 : 3,839
2519 : 11,229
2521 : 2521
2523 : 3,29,29
2525 : 5,5,101
2527 : 7,19,19
2529 : 3,3,281
2531 : 2531
2533 : 17,149
2535 : 3,5,13,13
2537 : 43,59
2539 : 2539
2541 : 3,7,11,11
2543 : 2543
2545 : 5,509
2547 : 3,3,283
2549 : 2549
2551 : 2551
2553 : 3,23,37
2555 : 5,7,73
2557 : 2557
2559 : 3,853
2561 : 13,197
2563 : 11,233
2565 : 3,3,3,5,19
2567 : 17,151
2569 : 7,367
2571 : 3,857
2573 : 31,83
2575 : 5,5,103
2577 : 3,859
2579 : 2579
2581 : 29,89
2583 : 3,3,7,41
2585 : 5,11,47
2587 : 13,199
2589 : 3,863
2591 : 2591
2593 : 2593
2595 : 3,5,173
2597 : 7,7,53
2599 : 23,113
2601 : 3,3,17,17
2603 : 19,137
2605 : 5,521
2607 : 3,11,79
2609 : 2609
2611 : 7,373
2613 : 3,13,67
2615 : 5,523
2617 : 2617
2619 : 3,3,3,97
2621 : 2621
2623 : 43,61
2625 : 3,5,5,5,7
2627 : 37,71
2629 : 11,239
2631 : 3,877
2633 : 2633
2635 : 5,17,31
2637 : 3,3,293
2639 : 7,13,29
2641 : 19,139
2643 : 3,881
2645 : 5,23,23
2647 : 2647
2649 : 3,883
2651 : 11,241
2653 : 7,379
2655 : 3,3,5,59
2657 : 2657
2659 : 2659
2661 : 3,887
2663 : 2663
2665 : 5,13,41
2667 : 3,7,127
2669 : 17,157
2671 : 2671
2673 : 3,3,3,3,3,11
2675 : 5,5,107
2677 : 2677
2679 : 3,19,47
2681 : 7,383
2683 : 2683
2685 : 3,5,179
2687 : 2687
2689 : 2689
2691 : 3,3,13,23
2693 : 2693
2695 : 5,7,7,11
2697 : 3,29,31
2699 : 2699
2701 : 37,73
2703 : 3,17,53
2705 : 5,541
2707 : 2707
2709 : 3,3,7,43
2711 : 2711
2713 : 2713
2715 : 3,5,181
2717 : 11,13,19
2719 : 2719
2721 : 3,907
2723 : 7,389
2725 : 5,5,109
2727 : 3,3,3,101
2729 : 2729
2731 : 2731
2733 : 3,911
2735 : 5,547
2737 : 7,17,23
2739 : 3,11,83
2741 : 2741
2743 : 13,211
2745 : 3,3,5,61
2747 : 41,67
2749 : 2749
2751 : 3,7,131
2753 : 2753
2755 : 5,19,29
2757 : 3,919
2759 : 31,89
2761 : 11,251
2763 : 3,3,307
2765 : 5,7,79
2767 : 2767
2769 : 3,13,71
2771 : 17,163
2773 : 47,59
2775 : 3,5,5,37
2777 : 2777
2779 : 7,397
2781 : 3,3,3,103
2783 : 11,11,23
2785 : 5,557
2787 : 3,929
2789 : 2789
2791 : 2791
2793 : 3,7,7,19
2795 : 5,13,43
2797 : 2797
2799 : 3,3,311
2801 : 2801
2803 : 2803
2805 : 3,5,11,17
2807 : 7,401
2809 : 53,53
2811 : 3,937
2813 : 29,97
2815 : 5,563
2817 : 3,3,313
2819 : 2819
2821 : 7,13,31
2823 : 3,941
2825 : 5,5,113
2827 : 11,257
2829 : 3,23,41
2831 : 19,149
2833 : 2833
2835 : 3,3,3,3,5,7
2837 : 2837
2839 : 17,167
2841 : 3,947
2843 : 2843
2845 : 5,569
2847 : 3,13,73
2849 : 7,11,37
2851 : 2851
2853 : 3,3,317
2855 : 5,571
2857 : 2857
2859 : 3,953
2861 : 2861
2863 : 7,409
2865 : 3,5,191
2867 : 47,61
2869 : 19,151
2871 : 3,3,11,29
2873 : 13,13,17
2875 : 5,5,5,23
2877 : 3,7,137
2879 : 2879
2881 : 43,67
2883 : 3,31,31
2885 : 5,577
2887 : 2887
2889 : 3,3,3,107
2891 : 7,7,59
2893 : 11,263
2895 : 3,5,193
2897 : 2897
2899 : 13,223
2901 : 3,967
2903 : 2903
2905 : 5,7,83
2907 : 3,3,17,19
2909 : 2909
2911 : 41,71
2913 : 3,971
2915 : 5,11,53
2917 : 2917
2919 : 3,7,139
2921 : 23,127
2923 : 37,79
2925 : 3,3,5,5,13
2927 : 2927
2929 : 29,101
2931 : 3,977
2933 : 7,419
2935 : 5,587
2937 : 3,11,89
2939 : 2939
2941 : 17,173
2943 : 3,3,3,109
2945 : 5,19,31
2947 : 7,421
2949 : 3,983
2951 : 13,227
2953 : 2953
2955 : 3,5,197
2957 : 2957
2959 : 11,269
2961 : 3,3,7,47
2963 : 2963
2965 : 5,593
2967 : 3,23,43
2969 : 2969
2971 : 2971
2973 : 3,991
2975 : 5,5,7,17
2977 : 13,229
2979 : 3,3,331
2981 : 11,271
2983 : 19,157
2985 : 3,5,199
2987 : 29,103
2989 : 7,7,61
2991 : 3,997
2993 : 41,73
2995 : 5,599
2997 : 3,3,3,3,37
2999 : 2999
3001 : 3001
3003 : 3,7,11,13
3005 : 5,601
3007 : 31,97
3009 : 3,17,59
3011 : 3011
3013 : 23,131
3015 : 3,3,5,67
3017 : 7,431
3019 : 3019
3021 : 3,19,53
3023 : 3023
3025 : 5,5,11,11
3027 : 3,1009
3029 : 13,233
3031 : 7,433
3033 : 3,3,337
3035 : 5,607
3037 : 3037
3039 : 3,1013
3041 : 3041
3043 : 17,179
3045 : 3,5,7,29
3047 : 11,277
3049 : 3049
3051 : 3,3,3,113
3053 : 43,71
3055 : 5,13,47
3057 : 3,1019
3059 : 7,19,23
3061 : 3061
3063 : 3,1021
3065 : 5,613
3067 : 3067
3069 : 3,3,11,31
3071 : 37,83
3073 : 7,439
3075 : 3,5,5,41
3077 : 17,181
3079 : 3079
3081 : 3,13,79
3083 : 3083
3085 : 5,617
3087 : 3,3,7,7,7
3089 : 3089
3091 : 11,281
3093 : 3,1031
3095 : 5,619
3097 : 19,163
3099 : 3,1033
3101 : 7,443
3103 : 29,107
3105 : 3,3,3,5,23
3107 : 13,239
3109 : 3109
3111 : 3,17,61
3113 : 11,283
3115 : 5,7,89
3117 : 3,1039
3119 : 3119
3121 : 3121
3123 : 3,3,347
3125 : 5,5,5,5,5
3127 : 53,59
3129 : 3,7,149
3131 : 31,101
3133 : 13,241
3135 : 3,5,11,19
3137 : 3137
3139 : 43,73
3141 : 3,3,349
3143 : 7,449
3145 : 5,17,37
3147 : 3,1049
3149 : 47,67
3151 : 23,137
3153 : 3,1051
3155 : 5,631
3157 : 7,11,41
3159 : 3,3,3,3,3,13
3161 : 29,109
3163 : 3163
3165 : 3,5,211
3167 : 3167
3169 : 3169
3171 : 3,7,151
3173 : 19,167
3175 : 5,5,127
3177 : 3,3,353
3179 : 11,17,17
3181 : 3181
3183 : 3,1061
3185 : 5,7,7,13
3187 : 3187
3189 : 3,1063
3191 : 3191
3193 : 31,103
3195 : 3,3,5,71
3197 : 23,139
3199 : 7,457
3201 : 3,11,97
3203 : 3203
3205 : 5,641
3207 : 3,1069
3209 : 3209
3211 : 13,13,19
3213 : 3,3,3,7,17
3215 : 5,643
3217 : 3217
3219 : 3,29,37
3221 : 3221
3223 : 11,293
3225 : 3,5,5,43
3227 : 7,461
3229 : 3229
3231 : 3,3,359
3233 : 53,61
3235 : 5,647
3237 : 3,13,83
3239 : 41,79
3241 : 7,463
3243 : 3,23,47
3245 : 5,11,59
3247 : 17,191
3249 : 3,3,19,19
3251 : 3251
3253 : 3253
3255 : 3,5,7,31
3257 : 3257
3259 : 3259
3261 : 3,1087
3263 : 13,251
3265 : 5,653
3267 : 3,3,3,11,11
3269 : 7,467
3271 : 3271
3273 : 3,1091
3275 : 5,5,131
3277 : 29,113
3279 : 3,1093
3281 : 17,193
3283 : 7,7,67
3285 : 3,3,5,73
3287 : 19,173
3289 : 11,13,23
3291 : 3,1097
3293 : 37,89
3295 : 5,659
3297 : 3,7,157
3299 : 3299
3301 : 3301
3303 : 3,3,367
3305 : 5,661
3307 : 3307
3309 : 3,1103
3311 : 7,11,43
3313 : 3313
3315 : 3,5,13,17
3317 : 31,107
3319 : 3319
3321 : 3,3,3,3,41
3323 : 3323
3325 : 5,5,7,19
3327 : 3,1109
3329 : 3329
3331 : 3331
3333 : 3,11,101
3335 : 5,23,29
3337 : 47,71
3339 : 3,3,7,53
3341 : 13,257
3343 : 3343
3345 : 3,5,223
3347 : 3347
3349 : 17,197
3351 : 3,1117
3353 : 7,479
3355 : 5,11,61
3357 : 3,3,373
3359 : 3359
3361 : 3361
3363 : 3,19,59
3365 : 5,673
3367 : 7,13,37
3369 : 3,1123
3371 : 3371
3373 : 3373
3375 : 3,3,3,5,5,5
3377 : 11,307
3379 : 31,109
3381 : 3,7,7,23
3383 : 17,199
3385 : 5,677
3387 : 3,1129
3389 : 3389
3391 : 3391
3393 : 3,3,13,29
3395 : 5,7,97
3397 : 43,79
3399 : 3,11,103
3401 : 19,179
3403 : 41,83
3405 : 3,5,227
3407 : 3407
3409 : 7,487
3411 : 3,3,379
3413 : 3413
3415 : 5,683
3417 : 3,17,67
3419 : 13,263
3421 : 11,311
3423 : 3,7,163
3425 : 5,5,137
3427 : 23,149
3429 : 3,3,3,127
3431 : 47,73
3433 : 3433
3435 : 3,5,229
3437 : 7,491
3439 : 19,181
3441 : 3,31,37
3443 : 11,313
3445 : 5,13,53
3447 : 3,3,383
3449 : 3449
3451 : 7,17,29
3453 : 3,1151
3455 : 5,691
3457 : 3457
3459 : 3,1153
3461 : 3461
3463 : 3463
3465 : 3,3,5,7,11
3467 : 3467
3469 : 3469
3471 : 3,13,89
3473 : 23,151
3475 : 5,5,139
3477 : 3,19,61
3479 : 7,7,71
3481 : 59,59
3483 : 3,3,3,3,43
3485 : 5,17,41
3487 : 11,317
3489 : 3,1163
3491 : 3491
3493 : 7,499
3495 : 3,5,233
3497 : 13,269
3499 : 3499
3501 : 3,3,389
3503 : 31,113
3505 : 5,701
3507 : 3,7,167
3509 : 11,11,29
3511 : 3511
3513 : 3,1171
3515 : 5,19,37
3517 : 3517
3519 : 3,3,17,23
3521 : 7,503
3523 : 13,271
3525 : 3,5,5,47
3527 : 3527
3529 : 3529
3531 : 3,11,107
3533 : 3533
3535 : 5,7,101
3537 : 3,3,3,131
3539 : 3539
3541 : 3541
3543 : 3,1181
3545 : 5,709
3547 : 3547
3549 : 3,7,13,13
3551 : 53,67
3553 : 11,17,19
3555 : 3,3,5,79
3557 : 3557
3559 : 3559
3561 : 3,1187
3563 : 7,509
3565 : 5,23,31
3567 : 3,29,41
3569 : 43,83
3571 : 3571
3573 : 3,3,397
3575 : 5,5,11,13
3577 : 7,7,73
3579 : 3,1193
3581 : 3581
3583 : 3583
3585 : 3,5,239
3587 : 17,211
3589 : 37,97
3591 : 3,3,3,7,19
3593 : 3593
3595 : 5,719
3597 : 3,11,109
3599 : 59,61
3601 : 13,277
3603 : 3,1201
3605 : 5,7,103
3607 : 3607
3609 : 3,3,401
3611 : 23,157
3613 : 3613
3615 : 3,5,241
3617 : 3617
3619 : 7,11,47
3621 : 3,17,71
3623 : 3623
3625 : 5,5,5,29
3627 : 3,3,13,31
3629 : 19,191
3631 : 3631
3633 : 3,7,173
3635 : 5,727
3637 : 3637
3639 : 3,1213
3641 : 11,331
3643 : 3643
3645 : 3,3,3,3,3,3,5
3647 : 7,521
3649 : 41,89
3651 : 3,1217
3653 : 13,281
3655 : 5,17,43
3657 : 3,23,53
3659 : 3659
3661 : 7,523
3663 : 3,3,11,37
3665 : 5,733
3667 : 19,193
3669 : 3,1223
3671 : 3671
3673 : 3673
3675 : 3,5,5,7,7
3677 : 3677
3679 : 13,283
3681 : 3,3,409
3683 : 29,127
3685 : 5,11,67
3687 : 3,1229
3689 : 7,17,31
3691 : 3691
3693 : 3,1231
3695 : 5,739
3697 : 3697
3699 : 3,3,3,137
3701 : 3701
3703 : 7,23,23
3705 : 3,5,13,19
3707 : 11,337
3709 : 3709
3711 : 3,1237
3713 : 47,79
3715 : 5,743
3717 : 3,3,7,59
3719 : 3719
3721 : 61,61
3723 : 3,17,73
3725 : 5,5,149
3727 : 3727
3729 : 3,11,113
3731 : 7,13,41
3733 : 3733
3735 : 3,3,5,83
3737 : 37,101
3739 : 3739
3741 : 3,29,43
3743 : 19,197
3745 : 5,7,107
3747 : 3,1249
3749 : 23,163
3751 : 11,11,31
3753 : 3,3,3,139
3755 : 5,751
3757 : 13,17,17
3759 : 3,7,179
3761 : 3761
3763 : 53,71
3765 : 3,5,251
3767 : 3767
3769 : 3769
3771 : 3,3,419
3773 : 7,7,7,11
3775 : 5,5,151
3777 : 3,1259
3779 : 3779
3781 : 19,199
3783 : 3,13,97
3785 : 5,757
3787 : 7,541
3789 : 3,3,421
3791 : 17,223
3793 : 3793
3795 : 3,5,11,23
3797 : 3797
3799 : 29,131
3801 : 3,7,181
3803 : 3803
3805 : 5,761
3807 : 3,3,3,3,47
3809 : 13,293
3811 : 37,103
3813 : 3,31,41
3815 : 5,7,109
3817 : 11,347
3819 : 3,19,67
3821 : 3821
3823 : 3823
3825 : 3,3,5,5,17
3827 : 43,89
3829 : 7,547
3831 : 3,1277
3833 : 3833
3835 : 5,13,59
3837 : 3,1279
3839 : 11,349
3841 : 23,167
3843 : 3,3,7,61
3845 : 5,769
3847 : 3847
3849 : 3,1283
3851 : 3851
3853 : 3853
3855 : 3,5,257
3857 : 7,19,29
3859 : 17,227
3861 : 3,3,3,11,13
3863 : 3863
3865 : 5,773
3867 : 3,1289
3869 : 53,73
3871 : 7,7,79
3873 : 3,1291
3875 : 5,5,5,31
3877 : 3877
3879 : 3,3,431
3881 : 3881
3883 : 11,353
3885 : 3,5,7,37
3887 : 13,13,23
3889 : 3889
3891 : 3,1297
3893 : 17,229
3895 : 5,19,41
3897 : 3,3,433
3899 : 7,557
3901 : 47,83
3903 : 3,1301
3905 : 5,11,71
3907 : 3907
3909 : 3,1303
3911 : 3911
3913 : 7,13,43
3915 : 3,3,3,5,29
3917 : 3917
3919 : 3919
3921 : 3,1307
3923 : 3923
3925 : 5,5,157
3927 : 3,7,11,17
3929 : 3929
3931 : 3931
3933 : 3,3,19,23
3935 : 5,787
3937 : 31,127
3939 : 3,13,101
3941 : 7,563
3943 : 3943
3945 : 3,5,263
3947 : 3947
3949 : 11,359
3951 : 3,3,439
3953 : 59,67
3955 : 5,7,113
3957 : 3,1319
3959 : 37,107
3961 : 17,233
3963 : 3,1321
3965 : 5,13,61
3967 : 3967
3969 : 3,3,3,3,7,7
3971 : 11,19,19
3973 : 29,137
3975 : 3,5,5,53
3977 : 41,97
3979 : 23,173
3981 : 3,1327
3983 : 7,569
3985 : 5,797
3987 : 3,3,443
3989 : 3989
3991 : 13,307
3993 : 3,11,11,11
3995 : 5,17,47
3997 : 7,571
3999 : 3,31,43
4001 : 4001
4003 : 4003
4005 : 3,3,5,89
4007 : 4007
4009 : 19,211
4011 : 3,7,191
4013 : 4013
4015 : 5,11,73
4017 : 3,13,103
4019 : 4019
4021 : 4021
4023 : 3,3,3,149
4025 : 5,5,7,23
4027 : 4027
4029 : 3,17,79
4031 : 29,139
4033 : 37,109
4035 : 3,5,269
4037 : 11,367
4039 : 7,577
4041 : 3,3,449
4043 : 13,311
4045 : 5,809
4047 : 3,19,71
4049 : 4049
4051 : 4051
4053 : 3,7,193
4055 : 5,811
4057 : 4057
4059 : 3,3,11,41
4061 : 31,131
4063 : 17,239
4065 : 3,5,271
4067 : 7,7,83
4069 : 13,313
4071 : 3,23,59
4073 : 4073
4075 : 5,5,163
4077 : 3,3,3,151
4079 : 4079
4081 : 7,11,53
4083 : 3,1361
4085 : 5,19,43
4087 : 61,67
4089 : 3,29,47
4091 : 4091
4093 : 4093
4095 : 3,3,5,7,13
4097 : 17,241
4099 : 4099
4101 : 3,1367
4103 : 11,373
4105 : 5,821
4107 : 3,37,37
4109 : 7,587
4111 : 4111
4113 : 3,3,457
4115 : 5,823
4117 : 23,179
4119 : 3,1373
4121 : 13,317
4123 : 7,19,31
4125 : 3,5,5,5,11
4127 : 4127
4129 : 4129
4131 : 3,3,3,3,3,17
4133 : 4133
4135 : 5,827
4137 : 3,7,197
4139 : 4139
4141 : 41,101
4143 : 3,1381
4145 : 5,829
4147 : 11,13,29
4149 : 3,3,461
4151 : 7,593
4153 : 4153
4155 : 3,5,277
4157 : 4157
4159 : 4159
4161 : 3,19,73
4163 : 23,181
4165 : 5,7,7,17
4167 : 3,3,463
4169 : 11,379
4171 : 43,97
4173 : 3,13,107
4175 : 5,5,167
4177 : 4177
4179 : 3,7,199
4181 : 37,113
4183 : 47,89
4185 : 3,3,3,5,31
4187 : 53,79
4189 : 59,71
4191 : 3,11,127
4193 : 7,599
4195 : 5,839
4197 : 3,1399
4199 : 13,17,19
4201 : 4201
4203 : 3,3,467
4205 : 5,29,29
4207 : 7,601
4209 : 3,23,61
4211 : 4211
4213 : 11,383
4215 : 3,5,281
4217 : 4217
4219 : 4219
4221 : 3,3,7,67
4223 : 41,103
4225 : 5,5,13,13
4227 : 3,1409
4229 : 4229
4231 : 4231
4233 : 3,17,83
4235 : 5,7,11,11
4237 : 19,223
4239 : 3,3,3,157
4241 : 4241
4243 : 4243
4245 : 3,5,283
4247 : 31,137
4249 : 7,607
4251 : 3,13,109
4253 : 4253
4255 : 5,23,37
4257 : 3,3,11,43
4259 : 4259
4261 : 4261
4263 : 3,7,7,29
4265 : 5,853
4267 : 17,251
4269 : 3,1423
4271 : 4271
4273 : 4273
4275 : 3,3,5,5,19
4277 : 7,13,47
4279 : 11,389
4281 : 3,1427
4283 : 4283
4285 : 5,857
4287 : 3,1429
4289 : 4289
4291 : 7,613
4293 : 3,3,3,3,53
4295 : 5,859
4297 : 4297
4299 : 3,1433
4301 : 11,17,23
4303 : 13,331
4305 : 3,5,7,41
4307 : 59,73
4309 : 31,139
4311 : 3,3,479
4313 : 19,227
4315 : 5,863
4317 : 3,1439
4319 : 7,617
4321 : 29,149
4323 : 3,11,131
4325 : 5,5,173
4327 : 4327
4329 : 3,3,13,37
4331 : 61,71
4333 : 7,619
4335 : 3,5,17,17
4337 : 4337
4339 : 4339
4341 : 3,1447
4343 : 43,101
4345 : 5,11,79
4347 : 3,3,3,7,23
4349 : 4349
4351 : 19,229
4353 : 3,1451
4355 : 5,13,67
4357 : 4357
4359 : 3,1453
4361 : 7,7,89
4363 : 4363
4365 : 3,3,5,97
4367 : 11,397
4369 : 17,257
4371 : 3,31,47
4373 : 4373
4375 : 5,5,5,5,7
4377 : 3,1459
4379 : 29,151
4381 : 13,337
4383 : 3,3,487
4385 : 5,877
4387 : 41,107
4389 : 3,7,11,19
4391 : 4391
4393 : 23,191
4395 : 3,5,293
4397 : 4397
4399 : 53,83
4401 : 3,3,3,163
4403 : 7,17,37
4405 : 5,881
4407 : 3,13,113
4409 : 4409
4411 : 11,401
4413 : 3,1471
4415 : 5,883
4417 : 7,631
4419 : 3,3,491
4421 : 4421
4423 : 4423
4425 : 3,5,5,59
4427 : 19,233
4429 : 43,103
4431 : 3,7,211
4433 : 11,13,31
4435 : 5,887
4437 : 3,3,17,29
4439 : 23,193
4441 : 4441
4443 : 3,1481
4445 : 5,7,127
4447 : 4447
4449 : 3,1483
4451 : 4451
4453 : 61,73
4455 : 3,3,3,3,5,11
4457 : 4457
4459 : 7,7,7,13
4461 : 3,1487
4463 : 4463
4465 : 5,19,47
4467 : 3,1489
4469 : 41,109
4471 : 17,263
4473 : 3,3,7,71
4475 : 5,5,179
4477 : 11,11,37
4479 : 3,1493
4481 : 4481
4483 : 4483
4485 : 3,5,13,23
4487 : 7,641
4489 : 67,67
4491 : 3,3,499
4493 : 4493
4495 : 5,29,31
4497 : 3,1499
4499 : 11,409
4501 : 7,643
4503 : 3,19,79
4505 : 5,17,53
4507 : 4507
4509 : 3,3,3,167
4511 : 13,347
4513 : 4513
4515 : 3,5,7,43
4517 : 4517
4519 : 4519
4521 : 3,11,137
4523 : 4523
4525 : 5,5,181
4527 : 3,3,503
4529 : 7,647
4531 : 23,197
4533 : 3,1511
4535 : 5,907
4537 : 13,349
4539 : 3,17,89
4541 : 19,239
4543 : 7,11,59
4545 : 3,3,5,101
4547 : 4547
4549 : 4549
4551 : 3,37,41
4553 : 29,157
4555 : 5,911
4557 : 3,7,7,31
4559 : 47,97
4561 : 4561
4563 : 3,3,3,13,13
4565 : 5,11,83
4567 : 4567
4569 : 3,1523
4571 : 7,653
4573 : 17,269
4575 : 3,5,5,61
4577 : 23,199
4579 : 19,241
4581 : 3,3,509
4583 : 4583
4585 : 5,7,131
4587 : 3,11,139
4589 : 13,353
4591 : 4591
4593 : 3,1531
4595 : 5,919
4597 : 4597
4599 : 3,3,7,73
4601 : 43,107
4603 : 4603
4605 : 3,5,307
4607 : 17,271
4609 : 11,419
4611 : 3,29,53
4613 : 7,659
4615 : 5,13,71
4617 : 3,3,3,3,3,19
4619 : 31,149
4621 : 4621
4623 : 3,23,67
4625 : 5,5,5,37
4627 : 7,661
4629 : 3,1543
4631 : 11,421
4633 : 41,113
4635 : 3,3,5,103
4637 : 4637
4639 : 4639
4641 : 3,7,13,17
4643 : 4643
4645 : 5,929
4647 : 3,1549
4649 : 4649
4651 : 4651
4653 : 3,3,11,47
4655 : 5,7,7,19
4657 : 4657
4659 : 3,1553
4661 : 59,79
4663 : 4663
4665 : 3,5,311
4667 : 13,359
4669 : 7,23,29
4671 : 3,3,3,173
4673 : 4673
4675 : 5,5,11,17
4677 : 3,1559
4679 : 4679
4681 : 31,151
4683 : 3,7,223
4685 : 5,937
4687 : 43,109
4689 : 3,3,521
4691 : 4691
4693 : 13,19,19
4695 : 3,5,313
4697 : 7,11,61
4699 : 37,127
4701 : 3,1567
4703 : 4703
4705 : 5,941
4707 : 3,3,523
4709 : 17,277
4711 : 7,673
4713 : 3,1571
4715 : 5,23,41
4717 : 53,89
4719 : 3,11,11,13
4721 : 4721
4723 : 4723
4725 : 3,3,3,5,5,7
4727 : 29,163
4729 : 4729
4731 : 3,19,83
4733 : 4733
4735 : 5,947
4737 : 3,1579
4739 : 7,677
4741 : 11,431
4743 : 3,3,17,31
4745 : 5,13,73
4747 : 47,101
4749 : 3,1583
4751 : 4751
4753 : 7,7,97
4755 : 3,5,317
4757 : 67,71
4759 : 4759
4761 : 3,3,23,23
4763 : 11,433
4765 : 5,953
4767 : 3,7,227
4769 : 19,251
4771 : 13,367
4773 : 3,37,43
4775 : 5,5,191
4777 : 17,281
4779 : 3,3,3,3,59
4781 : 7,683
4783 : 4783
4785 : 3,5,11,29
4787 : 4787
4789 : 4789
4791 : 3,1597
4793 : 4793
4795 : 5,7,137
4797 : 3,3,13,41
4799 : 4799
4801 : 4801
4803 : 3,1601
4805 : 5,31,31
4807 : 11,19,23
4809 : 3,7,229
4811 : 17,283
4813 : 4813
4815 : 3,3,5,107
4817 : 4817
4819 : 61,79
4821 : 3,1607
4823 : 7,13,53
4825 : 5,5,193
4827 : 3,1609
4829 : 11,439
4831 : 4831
4833 : 3,3,3,179
4835 : 5,967
4837 : 7,691
4839 : 3,1613
4841 : 47,103
4843 : 29,167
4845 : 3,5,17,19
4847 : 37,131
4849 : 13,373
4851 : 3,3,7,7,11
4853 : 23,211
4855 : 5,971
4857 : 3,1619
4859 : 43,113
4861 : 4861
4863 : 3,1621
4865 : 5,7,139
4867 : 31,157
4869 : 3,3,541
4871 : 4871
4873 : 11,443
4875 : 3,5,5,5,13
4877 : 4877
4879 : 7,17,41
4881 : 3,1627
4883 : 19,257
4885 : 5,977
4887 : 3,3,3,181
4889 : 4889
4891 : 67,73
4893 : 3,7,233
4895 : 5,11,89
4897 : 59,83
4899 : 3,23,71
4901 : 13,13,29
4903 : 4903
4905 : 3,3,5,109
4907 : 7,701
4909 : 4909
4911 : 3,1637
4913 : 17,17,17
4915 : 5,983
4917 : 3,11,149
4919 : 4919
4921 : 7,19,37
4923 : 3,3,547
4925 : 5,5,197
4927 : 13,379
4929 : 3,31,53
4931 : 4931
4933 : 4933
4935 : 3,5,7,47
4937 : 4937
4939 : 11,449
4941 : 3,3,3,3,61
4943 : 4943
4945 : 5,23,43
4947 : 3,17,97
4949 : 7,7,101
4951 : 4951
4953 : 3,13,127
4955 : 5,991
4957 : 4957
4959 : 3,3,19,29
4961 : 11,11,41
4963 : 7,709
4965 : 3,5,331
4967 : 4967
4969 : 4969
4971 : 3,1657
4973 : 4973
4975 : 5,5,199
4977 : 3,3,7,79
4979 : 13,383
4981 : 17,293
4983 : 3,11,151
4985 : 5,997
4987 : 4987
4989 : 3,1663
4991 : 7,23,31
4993 : 4993
4995 : 3,3,3,5,37
4997 : 19,263
4999 : 4999
5001 : 3,1667
5003 : 5003
5005 : 5,7,11,13
5007 : 3,1669
5009 : 5009
5011 : 5011
5013 : 3,3,557
5015 : 5,17,59
5017 : 29,173
5019 : 3,7,239
5021 : 5021
5023 : 5023
5025 : 3,5,5,67
5027 : 11,457
5029 : 47,107
5031 : 3,3,13,43
5033 : 7,719
5035 : 5,19,53
5037 : 3,23,73
5039 : 5039
5041 : 71,71
5043 : 3,41,41
5045 : 5,1009
5047 : 7,7,103
5049 : 3,3,3,11,17
5051 : 5051
5053 : 31,163
5055 : 3,5,337
5057 : 13,389
5059 : 5059
5061 : 3,7,241
5063 : 61,83
5065 : 5,1013
5067 : 3,3,563
5069 : 37,137
5071 : 11,461
5073 : 3,19,89
5075 : 5,5,7,29
5077 : 5077
5079 : 3,1693
5081 : 5081
5083 : 13,17,23
5085 : 3,3,5,113
5087 : 5087
5089 : 7,727
5091 : 3,1697
5093 : 11,463
5095 : 5,1019
5097 : 3,1699
5099 : 5099
5101 : 5101
5103 : 3,3,3,3,3,3,7
5105 : 5,1021
5107 : 5107
5109 : 3,13,131
5111 : 19,269
5113 : 5113
5115 : 3,5,11,31
5117 : 7,17,43
5119 : 5119
5121 : 3,3,569
5123 : 47,109
5125 : 5,5,5,41
5127 : 3,1709
5129 : 23,223
5131 : 7,733
5133 : 3,29,59
5135 : 5,13,79
5137 : 11,467
5139 : 3,3,571
5141 : 53,97
5143 : 37,139
5145 : 3,5,7,7,7
5147 : 5147
5149 : 19,271
5151 : 3,17,101
5153 : 5153
5155 : 5,1031
5157 : 3,3,3,191
5159 : 7,11,67
5161 : 13,397
5163 : 3,1721
5165 : 5,1033
5167 : 5167
5169 : 3,1723
5171 : 5171
5173 : 7,739
5175 : 3,3,5,5,23
5177 : 31,167
5179 : 5179
5181 : 3,11,157
5183 : 71,73
5185 : 5,17,61
5187 : 3,7,13,19
5189 : 5189
5191 : 29,179
5193 : 3,3,577
5195 : 5,1039
5197 : 5197
5199 : 3,1733
5201 : 7,743
5203 : 11,11,43
5205 : 3,5,347
5207 : 41,127
5209 : 5209
5211 : 3,3,3,193
5213 : 13,401
5215 : 5,7,149
5217 : 3,37,47
5219 : 17,307
5221 : 23,227
5223 : 3,1741
5225 : 5,5,11,19
5227 : 5227
5229 : 3,3,7,83
5231 : 5231
5233 : 5233
5235 : 3,5,349
5237 : 5237
5239 : 13,13,31
5241 : 3,1747
5243 : 7,7,107
5245 : 5,1049
5247 : 3,3,11,53
5249 : 29,181
5251 : 59,89
5253 : 3,17,103
5255 : 5,1051
5257 : 7,751
5259 : 3,1753
5261 : 5261
5263 : 19,277
5265 : 3,3,3,3,5,13
5267 : 23,229
5269 : 11,479
5271 : 3,7,251
5273 : 5273
5275 : 5,5,211
5277 : 3,1759
5279 : 5279
5281 : 5281
5283 : 3,3,587
5285 : 5,7,151
5287 : 17,311
5289 : 3,41,43
5291 : 11,13,37
5293 : 67,79
5295 : 3,5,353
5297 : 5297
5299 : 7,757
5301 : 3,3,19,31
5303 : 5303
5305 : 5,1061
5307 : 3,29,61
5309 : 5309
5311 : 47,113
5313 : 3,7,11,23
5315 : 5,1063
5317 : 13,409
5319 : 3,3,3,197
5321 : 17,313
5323 : 5323
5325 : 3,5,5,71
5327 : 7,761
5329 : 73,73
5331 : 3,1777
5333 : 5333
5335 : 5,11,97
5337 : 3,3,593
5339 : 19,281
5341 : 7,7,109
5343 : 3,13,137
5345 : 5,1069
5347 : 5347
5349 : 3,1783
5351 : 5351
5353 : 53,101
5355 : 3,3,5,7,17
5357 : 11,487
5359 : 23,233
5361 : 3,1787
5363 : 31,173
5365 : 5,29,37
5367 : 3,1789
5369 : 7,13,59
5371 : 41,131
5373 : 3,3,3,199
5375 : 5,5,5,43
5377 : 19,283
5379 : 3,11,163
5381 : 5381
5383 : 7,769
5385 : 3,5,359
5387 : 5387
5389 : 17,317
5391 : 3,3,599
5393 : 5393
5395 : 5,13,83
5397 : 3,7,257
5399 : 5399
5401 : 11,491
5403 : 3,1801
5405 : 5,23,47
5407 : 5407
5409 : 3,3,601
5411 : 7,773
5413 : 5413
5415 : 3,5,19,19
5417 : 5417
5419 : 5419
5421 : 3,13,139
5423 : 11,17,29
5425 : 5,5,7,31
5427 : 3,3,3,3,67
5429 : 61,89
5431 : 5431
5433 : 3,1811
5435 : 5,1087
5437 : 5437
5439 : 3,7,7,37
5441 : 5441
5443 : 5443
5445 : 3,3,5,11,11
5447 : 13,419
5449 : 5449
5451 : 3,23,79
5453 : 7,19,41
5455 : 5,1091
5457 : 3,17,107
5459 : 53,103
5461 : 43,127
5463 : 3,3,607
5465 : 5,1093
5467 : 7,11,71
5469 : 3,1823
5471 : 5471
5473 : 13,421
5475 : 3,5,5,73
5477 : 5477
5479 : 5479
5481 : 3,3,3,7,29
5483 : 5483
5485 : 5,1097
5487 : 3,31,59
5489 : 11,499
5491 : 17,17,19
5493 : 3,1831
5495 : 5,7,157
5497 : 23,239
5499 : 3,3,13,47
5501 : 5501
5503 : 5503
5505 : 3,5,367
5507 : 5507
5509 : 7,787
5511 : 3,11,167
5513 : 37,149
5515 : 5,1103
5517 : 3,3,613
5519 : 5519
5521 : 5521
5523 : 3,7,263
5525 : 5,5,13,17
5527 : 5527
5529 : 3,19,97
5531 : 5531
5533 : 11,503
5535 : 3,3,3,5,41
5537 : 7,7,113
5539 : 29,191
5541 : 3,1847
5543 : 23,241
5545 : 5,1109
5547 : 3,43,43
5549 : 31,179
5551 : 7,13,61
5553 : 3,3,617
5555 : 5,11,101
5557 : 5557
5559 : 3,17,109
5561 : 67,83
5563 : 5563
5565 : 3,5,7,53
5567 : 19,293
5569 : 5569
5571 : 3,3,619
5573 : 5573
5575 : 5,5,223
5577 : 3,11,13,13
5579 : 7,797
5581 : 5581
5583 : 3,1861
5585 : 5,1117
5587 : 37,151
5589 : 3,3,3,3,3,23
5591 : 5591
5593 : 7,17,47
5595 : 3,5,373
5597 : 29,193
5599 : 11,509
5601 : 3,1867
5603 : 13,431
5605 : 5,19,59
5607 : 3,3,7,89
5609 : 71,79
5611 : 31,181
5613 : 3,1871
5615 : 5,1123
5617 : 41,137
5619 : 3,1873
5621 : 7,11,73
5623 : 5623
5625 : 3,3,5,5,5,5
5627 : 17,331
5629 : 13,433
5631 : 3,1877
5633 : 43,131
5635 : 5,7,7,23
5637 : 3,1879
5639 : 5639
5641 : 5641
5643 : 3,3,3,11,19
5645 : 5,1129
5647 : 5647
5649 : 3,7,269
5651 : 5651
5653 : 5653
5655 : 3,5,13,29
5657 : 5657
5659 : 5659
5661 : 3,3,17,37
5663 : 7,809
5665 : 5,11,103
5667 : 3,1889
5669 : 5669
5671 : 53,107
5673 : 3,31,61
5675 : 5,5,227
5677 : 7,811
5679 : 3,3,631
5681 : 13,19,23
5683 : 5683
5685 : 3,5,379
5687 : 11,11,47
5689 : 5689
5691 : 3,7,271
5693 : 5693
5695 : 5,17,67
5697 : 3,3,3,211
5699 : 41,139
5701 : 5701
5703 : 3,1901
5705 : 5,7,163
5707 : 13,439
5709 : 3,11,173
5711 : 5711
5713 : 29,197
5715 : 3,3,5,127
5717 : 5717
5719 : 7,19,43
5721 : 3,1907
5723 : 59,97
5725 : 5,5,229
5727 : 3,23,83
5729 : 17,337
5731 : 11,521
5733 : 3,3,7,7,13
5735 : 5,31,37
5737 : 5737
5739 : 3,1913
5741 : 5741
5743 : 5743
5745 : 3,5,383
5747 : 7,821
5749 : 5749
5751 : 3,3,3,3,71
5753 : 11,523
5755 : 5,1151
5757 : 3,19,101
5759 : 13,443
5761 : 7,823
5763 : 3,17,113
5765 : 5,1153
5767 : 73,79
5769 : 3,3,641
5771 : 29,199
5773 : 23,251
5775 : 3,5,5,7,11
5777 : 53,109
5779 : 5779
5781 : 3,41,47
5783 : 5783
5785 : 5,13,89
5787 : 3,3,643
5789 : 7,827
5791 : 5791
5793 : 3,1931
5795 : 5,19,61
5797 : 11,17,31
5799 : 3,1933
5801 : 5801
5803 : 7,829
5805 : 3,3,3,5,43
5807 : 5807
5809 : 37,157
5811 : 3,13,149
5813 : 5813
5815 : 5,1163
5817 : 3,7,277
5819 : 11,23,23
5821 : 5821
5823 : 3,3,647
5825 : 5,5,233
5827 : 5827
5829 : 3,29,67
5831 : 7,7,7,17
5833 : 19,307
5835 : 3,5,389
5837 : 13,449
5839 : 5839
5841 : 3,3,11,59
5843 : 5843
5845 : 5,7,167
5847 : 3,1949
5849 : 5849
5851 : 5851
5853 : 3,1951
5855 : 5,1171
5857 : 5857
5859 : 3,3,3,7,31
5861 : 5861
5863 : 11,13,41
5865 : 3,5,17,23
5867 : 5867
5869 : 5869
5871 : 3,19,103
5873 : 7,839
5875 : 5,5,5,47
5877 : 3,3,653
5879 : 5879
5881 : 5881
5883 : 3,37,53
5885 : 5,11,107
5887 : 7,29,29
5889 : 3,13,151
5891 : 43,137
5893 : 71,83
5895 : 3,3,5,131
5897 : 5897
5899 : 17,347
5901 : 3,7,281
5903 : 5903
5905 : 5,1181
5907 : 3,11,179
5909 : 19,311
5911 : 23,257
5913 : 3,3,3,3,73
5915 : 5,7,13,13
5917 : 61,97
5919 : 3,1973
5921 : 31,191
5923 : 5923
5925 : 3,5,5,79
5927 : 5927
5929 : 7,7,11,11
5931 : 3,3,659
5933 : 17,349
5935 : 5,1187
5937 : 3,1979
5939 : 5939
5941 : 13,457
5943 : 3,7,283
5945 : 5,29,41
5947 : 19,313
5949 : 3,3,661
5951 : 11,541
5953 : 5953
5955 : 3,5,397
5957 : 7,23,37
5959 : 59,101
5961 : 3,1987
5963 : 67,89
5965 : 5,1193
5967 : 3,3,3,13,17
5969 : 47,127
5971 : 7,853
5973 : 3,11,181
5975 : 5,5,239
5977 : 43,139
5979 : 3,1993
5981 : 5981
5983 : 31,193
5985 : 3,3,5,7,19
5987 : 5987
5989 : 53,113
5991 : 3,1997
5993 : 13,461
5995 : 5,11,109
5997 : 3,1999
5999 : 7,857
6001 : 17,353
6003 : 3,3,23,29
6005 : 5,1201
6007 : 6007
6009 : 3,2003
6011 : 6011
6013 : 7,859
6015 : 3,5,401
6017 : 11,547
6019 : 13,463
6021 : 3,3,3,223
6023 : 19,317
6025 : 5,5,241
6027 : 3,7,7,41
6029 : 6029
6031 : 37,163
6033 : 3,2011
6035 : 5,17,71
6037 : 6037
6039 : 3,3,11,61
6041 : 7,863
6043 : 6043
6045 : 3,5,13,31
6047 : 6047
6049 : 23,263
6051 : 3,2017
6053 : 6053
6055 : 5,7,173
6057 : 3,3,673
6059 : 73,83
6061 : 11,19,29
6063 : 3,43,47
6065 : 5,1213
6067 : 6067
6069 : 3,7,17,17
6071 : 13,467
6073 : 6073
6075 : 3,3,3,3,3,5,5
6077 : 59,103
6079 : 6079
6081 : 3,2027
6083 : 7,11,79
6085 : 5,1217
6087 : 3,2029
6089 : 6089
6091 : 6091
6093 : 3,3,677
6095 : 5,23,53
6097 : 7,13,67
6099 : 3,19,107
6101 : 6101
6103 : 17,359
6105 : 3,5,11,37
6107 : 31,197
6109 : 41,149
6111 : 3,3,7,97
6113 : 6113
6115 : 5,1223
6117 : 3,2039
6119 : 29,211
6121 : 6121
6123 : 3,13,157
6125 : 5,5,5,7,7
6127 : 11,557
6129 : 3,3,3,227
6131 : 6131
6133 : 6133
6135 : 3,5,409
6137 : 17,19,19
6139 : 7,877
6141 : 3,23,89
6143 : 6143
6145 : 5,1229
6147 : 3,3,683
6149 : 11,13,43
6151 : 6151
6153 : 3,7,293
6155 : 5,1231
6157 : 47,131
6159 : 3,2053
6161 : 61,101
6163 : 6163
6165 : 3,3,5,137
6167 : 7,881
6169 : 31,199
6171 : 3,11,11,17
6173 : 6173
6175 : 5,5,13,19
6177 : 3,29,71
6179 : 37,167
6181 : 7,883
6183 : 3,3,3,229
6185 : 5,1237
6187 : 23,269
6189 : 3,2063
6191 : 41,151
6193 : 11,563
6195 : 3,5,7,59
6197 : 6197
6199 : 6199
6201 : 3,3,13,53
6203 : 6203
6205 : 5,17,73
6207 : 3,2069
6209 : 7,887
6211 : 6211
6213 : 3,19,109
6215 : 5,11,113
6217 : 6217
6219 : 3,3,691
6221 : 6221
6223 : 7,7,127
6225 : 3,5,5,83
6227 : 13,479
6229 : 6229
6231 : 3,31,67
6233 : 23,271
6235 : 5,29,43
6237 : 3,3,3,3,7,11
6239 : 17,367
6241 : 79,79
6243 : 3,2081
6245 : 5,1249
6247 : 6247
6249 : 3,2083
6251 : 7,19,47
6253 : 13,13,37
6255 : 3,3,5,139
6257 : 6257
6259 : 11,569
6261 : 3,2087
6263 : 6263
6265 : 5,7,179
6267 : 3,2089
6269 : 6269
6271 : 6271
6273 : 3,3,17,41
6275 : 5,5,251
6277 : 6277
6279 : 3,7,13,23
6281 : 11,571
6283 : 61,103
6285 : 3,5,419
6287 : 6287
6289 : 19,331
6291 : 3,3,3,233
6293 : 7,29,31
6295 : 5,1259
6297 : 3,2099
6299 : 6299
6301 : 6301
6303 : 3,11,191
6305 : 5,13,97
6307 : 7,17,53
6309 : 3,3,701
6311 : 6311
6313 : 59,107
6315 : 3,5,421
6317 : 6317
6319 : 71,89
6321 : 3,7,7,43
6323 : 6323
6325 : 5,5,11,23
6327 : 3,3,19,37
6329 : 6329
6331 : 13,487
6333 : 3,2111
6335 : 5,7,181
6337 : 6337
6339 : 3,2113
6341 : 17,373
6343 : 6343
6345 : 3,3,3,5,47
6347 : 11,577
6349 : 7,907
6351 : 3,29,73
6353 : 6353
6355 : 5,31,41
6357 : 3,13,163
6359 : 6359
6361 : 6361
6363 : 3,3,7,101
6365 : 5,19,67
6367 : 6367
6369 : 3,11,193
6371 : 23,277
6373 : 6373
6375 : 3,5,5,5,17
6377 : 7,911
6379 : 6379
6381 : 3,3,709
6383 : 13,491
6385 : 5,1277
6387 : 3,2129
6389 : 6389
6391 : 7,11,83
6393 : 3,2131
6395 : 5,1279
6397 : 6397
6399 : 3,3,3,3,79
6401 : 37,173
6403 : 19,337
6405 : 3,5,7,61
6407 : 43,149
6409 : 13,17,29
6411 : 3,2137
6413 : 11,11,53
6415 : 5,1283
6417 : 3,3,23,31
6419 : 7,7,131
6421 : 6421
6423 : 3,2141
6425 : 5,5,257
6427 : 6427
6429 : 3,2143
6431 : 59,109
6433 : 7,919
6435 : 3,3,5,11,13
6437 : 41,157
6439 : 47,137
6441 : 3,19,113
6443 : 17,379
6445 : 5,1289
6447 : 3,7,307
6449 : 6449
6451 : 6451
6453 : 3,3,3,239
6455 : 5,1291
6457 : 11,587
6459 : 3,2153
6461 : 7,13,71
6463 : 23,281
6465 : 3,5,431
6467 : 29,223
6469 : 6469
6471 : 3,3,719
6473 : 6473
6475 : 5,5,7,37
6477 : 3,17,127
6479 : 11,19,31
6481 : 6481
6483 : 3,2161
6485 : 5,1297
6487 : 13,499
6489 : 3,3,7,103
6491 : 6491
6493 : 43,151
6495 : 3,5,433
6497 : 73,89
6499 : 67,97
6501 : 3,11,197
6503 : 7,929
6505 : 5,1301
6507 : 3,3,3,241
6509 : 23,283
6511 : 17,383
6513 : 3,13,167
6515 : 5,1303
6517 : 7,7,7,19
6519 : 3,41,53
6521 : 6521
6523 : 11,593
6525 : 3,3,5,5,29
6527 : 61,107
6529 : 6529
6531 : 3,7,311
6533 : 47,139
6535 : 5,1307
6537 : 3,2179
6539 : 13,503
6541 : 31,211
6543 : 3,3,727
6545 : 5,7,11,17
6547 : 6547
6549 : 3,37,59
6551 : 6551
6553 : 6553
6555 : 3,5,19,23
6557 : 79,83
6559 : 7,937
6561 : 3,3,3,3,3,3,3,3
6563 : 6563
6565 : 5,13,101
6567 : 3,11,199
6569 : 6569
6571 : 6571
6573 : 3,7,313
6575 : 5,5,263
6577 : 6577
6579 : 3,3,17,43
6581 : 6581
6583 : 29,227
6585 : 3,5,439
6587 : 7,941
6589 : 11,599
6591 : 3,13,13,13
6593 : 19,347
6595 : 5,1319
6597 : 3,3,733
6599 : 6599
6601 : 7,23,41
6603 : 3,31,71
6605 : 5,1321
6607 : 6607
6609 : 3,2203
6611 : 11,601
6613 : 17,389
6615 : 3,3,3,5,7,7
6617 : 13,509
6619 : 6619
6621 : 3,2207
6623 : 37,179
6625 : 5,5,5,53
6627 : 3,47,47
6629 : 7,947
6631 : 19,349
6633 : 3,3,11,67
6635 : 5,1327
6637 : 6637
6639 : 3,2213
6641 : 29,229
6643 : 7,13,73
6645 : 3,5,443
6647 : 17,17,23
6649 : 61,109
6651 : 3,3,739
6653 : 6653
6655 : 5,11,11,11
6657 : 3,7,317
6659 : 6659
6661 : 6661
6663 : 3,2221
6665 : 5,31,43
6667 : 59,113
6669 : 3,3,3,13,19
6671 : 7,953
6673 : 6673
6675 : 3,5,5,89
6677 : 11,607
6679 : 6679
6681 : 3,17,131
6683 : 41,163
6685 : 5,7,191
6687 : 3,3,743
6689 : 6689
6691 : 6691
6693 : 3,23,97
6695 : 5,13,103
6697 : 37,181
6699 : 3,7,11,29
6701 : 6701
6703 : 6703
6705 : 3,3,5,149
6707 : 19,353
6709 : 6709
6711 : 3,2237
6713 : 7,7,137
6715 : 5,17,79
6717 : 3,2239
6719 : 6719
6721 : 11,13,47
6723 : 3,3,3,3,83
6725 : 5,5,269
6727 : 7,31,31
6729 : 3,2243
6731 : 53,127
6733 : 6733
6735 : 3,5,449
6737 : 6737
6739 : 23,293
6741 : 3,3,7,107
6743 : 11,613
6745 : 5,19,71
6747 : 3,13,173
6749 : 17,397
6751 : 43,157
6753 : 3,2251
6755 : 5,7,193
6757 : 29,233
6759 : 3,3,751
6761 : 6761
6763 : 6763
6765 : 3,5,11,41
6767 : 67,101
6769 : 7,967
6771 : 3,37,61
6773 : 13,521
6775 : 5,5,271
6777 : 3,3,3,251
6779 : 6779
6781 : 6781
6783 : 3,7,17,19
6785 : 5,23,59
6787 : 11,617
6789 : 3,31,73
6791 : 6791
6793 : 6793
6795 : 3,3,5,151
6797 : 7,971
6799 : 13,523
6801 : 3,2267
6803 : 6803
6805 : 5,1361
6807 : 3,2269
6809 : 11,619
6811 : 7,7,139
6813 : 3,3,757
6815 : 5,29,47
6817 : 17,401
6819 : 3,2273
6821 : 19,359
6823 : 6823
6825 : 3,5,5,7,13
6827 : 6827
6829 : 6829
6831 : 3,3,3,11,23
6833 : 6833
6835 : 5,1367
6837 : 3,43,53
6839 : 7,977
6841 : 6841
6843 : 3,2281
6845 : 5,37,37
6847 : 41,167
6849 : 3,3,761
6851 : 13,17,31
6853 : 7,11,89
6855 : 3,5,457
6857 : 6857
6859 : 19,19,19
6861 : 3,2287
6863 : 6863
6865 : 5,1373
6867 : 3,3,7,109
6869 : 6869
6871 : 6871
6873 : 3,29,79
6875 : 5,5,5,5,11
6877 : 13,23,23
6879 : 3,2293
6881 : 7,983
6883 : 6883
6885 : 3,3,3,3,5,17
6887 : 71,97
6889 : 83,83
6891 : 3,2297
6893 : 61,113
6895 : 5,7,197
6897 : 3,11,11,19
6899 : 6899
6901 : 67,103
6903 : 3,3,13,59
6905 : 5,1381
6907 : 6907
6909 : 3,7,7,47
6911 : 6911
6913 : 31,223
6915 : 3,5,461
6917 : 6917
6919 : 11,17,37
6921 : 3,3,769
6923 : 7,23,43
6925 : 5,5,277
6927 : 3,2309
6929 : 13,13,41
6931 : 29,239
6933 : 3,2311
6935 : 5,19,73
6937 : 7,991
6939 : 3,3,3,257
6941 : 11,631
6943 : 53,131
6945 : 3,5,463
6947 : 6947
6949 : 6949
6951 : 3,7,331
6953 : 17,409
6955 : 5,13,107
6957 : 3,3,773
6959 : 6959
6961 : 6961
6963 : 3,11,211
6965 : 5,7,199
6967 : 6967
6969 : 3,23,101
6971 : 6971
6973 : 19,367
6975 : 3,3,5,5,31
6977 : 6977
6979 : 7,997
6981 : 3,13,179
6983 : 6983
6985 : 5,11,127
6987 : 3,17,137
6989 : 29,241
6991 : 6991
6993 : 3,3,3,7,37
6995 : 5,1399
6997 : 6997
6999 : 3,2333
7001 : 7001
7003 : 47,149
7005 : 3,5,467
7007 : 7,7,11,13
7009 : 43,163
7011 : 3,3,19,41
7013 : 7013
7015 : 5,23,61
7017 : 3,2339
7019 : 7019
7021 : 7,17,59
7023 : 3,2341
7025 : 5,5,281
7027 : 7027
7029 : 3,3,11,71
7031 : 79,89
7033 : 13,541
7035 : 3,5,7,67
7037 : 31,227
7039 : 7039
7041 : 3,2347
7043 : 7043
7045 : 5,1409
7047 : 3,3,3,3,3,29
7049 : 7,19,53
7051 : 11,641
7053 : 3,2351
7055 : 5,17,83
7057 : 7057
7059 : 3,13,181
7061 : 23,307
7063 : 7,1009
7065 : 3,3,5,157
7067 : 37,191
7069 : 7069
7071 : 3,2357
7073 : 11,643
7075 : 5,5,283
7077 : 3,7,337
7079 : 7079
7081 : 73,97
7083 : 3,3,787
7085 : 5,13,109
7087 : 19,373
7089 : 3,17,139
7091 : 7,1013
7093 : 41,173
7095 : 3,5,11,43
7097 : 47,151
7099 : 31,229
7101 : 3,3,3,263
7103 : 7103
7105 : 5,7,7,29
7107 : 3,23,103
7109 : 7109
7111 : 13,547
7113 : 3,2371
7115 : 5,1423
7117 : 11,647
7119 : 3,3,7,113
7121 : 7121
7123 : 17,419
7125 : 3,5,5,5,19
7127 : 7127
7129 : 7129
7131 : 3,2377
7133 : 7,1019
7135 : 5,1427
7137 : 3,3,13,61
7139 : 11,11,59
7141 : 37,193
7143 : 3,2381
7145 : 5,1429
7147 : 7,1021
7149 : 3,2383
7151 : 7151
7153 : 23,311
7155 : 3,3,3,5,53
7157 : 17,421
7159 : 7159
7161 : 3,7,11,31
7163 : 13,19,29
7165 : 5,1433
7167 : 3,2389
7169 : 67,107
7171 : 71,101
7173 : 3,3,797
7175 : 5,5,7,41
7177 : 7177
7179 : 3,2393
7181 : 43,167
7183 : 11,653
7185 : 3,5,479
7187 : 7187
7189 : 7,13,79
7191 : 3,3,17,47
7193 : 7193
7195 : 5,1439
7197 : 3,2399
7199 : 23,313
7201 : 19,379
7203 : 3,7,7,7,7
7205 : 5,11,131
7207 : 7207
7209 : 3,3,3,3,89
7211 : 7211
7213 : 7213
7215 : 3,5,13,37
7217 : 7,1031
7219 : 7219
7221 : 3,29,83
7223 : 31,233
7225 : 5,5,17,17
7227 : 3,3,11,73
7229 : 7229
7231 : 7,1033
7233 : 3,2411
7235 : 5,1447
7237 : 7237
7239 : 3,19,127
7241 : 13,557
7243 : 7243
7245 : 3,3,5,7,23
7247 : 7247
7249 : 11,659
7251 : 3,2417
7253 : 7253
7255 : 5,1451
7257 : 3,41,59
7259 : 7,17,61
7261 : 53,137
7263 : 3,3,3,269
7265 : 5,1453
7267 : 13,13,43
7269 : 3,2423
7271 : 11,661
7273 : 7,1039
7275 : 3,5,5,97
7277 : 19,383
7279 : 29,251
7281 : 3,3,809
7283 : 7283
7285 : 5,31,47
7287 : 3,7,347
7289 : 37,197
7291 : 23,317
7293 : 3,11,13,17
7295 : 5,1459
7297 : 7297
7299 : 3,3,811
7301 : 7,7,149
7303 : 67,109
7305 : 3,5,487
7307 : 7307
7309 : 7309
7311 : 3,2437
7313 : 71,103
7315 : 5,7,11,19
7317 : 3,3,3,271
7319 : 13,563
7321 : 7321
7323 : 3,2441
7325 : 5,5,293
7327 : 17,431
7329 : 3,7,349
7331 : 7331
7333 : 7333
7335 : 3,3,5,163
7337 : 11,23,29
7339 : 41,179
7341 : 3,2447
7343 : 7,1049
7345 : 5,13,113
7347 : 3,31,79
7349 : 7349
7351 : 7351
7353 : 3,3,19,43
7355 : 5,1471
7357 : 7,1051
7359 : 3,11,223
7361 : 17,433
7363 : 37,199
7365 : 3,5,491
7367 : 53,139
7369 : 7369
7371 : 3,3,3,3,7,13
7373 : 73,101
7375 : 5,5,5,59
7377 : 3,2459
7379 : 47,157
7381 : 11,11,61
7383 : 3,23,107
7385 : 5,7,211
7387 : 83,89
7389 : 3,3,821
7391 : 19,389
7393 : 7393
7395 : 3,5,17,29
7397 : 13,569
7399 : 7,7,151
7401 : 3,2467
7403 : 11,673
7405 : 5,1481
7407 : 3,3,823
7409 : 31,239
7411 : 7411
7413 : 3,7,353
7415 : 5,1483
7417 : 7417
7419 : 3,2473
7421 : 41,181
7423 : 13,571
7425 : 3,3,3,5,5,11
7427 : 7,1061
7429 : 17,19,23
7431 : 3,2477
7433 : 7433
7435 : 5,1487
7437 : 3,37,67
7439 : 43,173
7441 : 7,1063
7443 : 3,3,827
7445 : 5,1489
7447 : 11,677
7449 : 3,13,191
7451 : 7451
7453 : 29,257
7455 : 3,5,7,71
7457 : 7457
7459 : 7459
7461 : 3,3,829
7463 : 17,439
7465 : 5,1493
7467 : 3,19,131
7469 : 7,11,97
7471 : 31,241
7473 : 3,47,53
7475 : 5,5,13,23
7477 : 7477
7479 : 3,3,3,277
7481 : 7481
7483 : 7,1069
7485 : 3,5,499
7487 : 7487
7489 : 7489
7491 : 3,11,227
7493 : 59,127
7495 : 5,1499
7497 : 3,3,7,7,17
7499 : 7499
7501 : 13,577
7503 : 3,41,61
7505 : 5,19,79
7507 : 7507
7509 : 3,2503
7511 : 7,29,37
7513 : 11,683
7515 : 3,3,5,167
7517 : 7517
7519 : 73,103
7521 : 3,23,109
7523 : 7523
7525 : 5,5,7,43
7527 : 3,13,193
7529 : 7529
7531 : 17,443
7533 : 3,3,3,3,3,31
7535 : 5,11,137
7537 : 7537
7539 : 3,7,359
7541 : 7541
7543 : 19,397
7545 : 3,5,503
7547 : 7547
7549 : 7549
7551 : 3,3,839
7553 : 7,13,83
7555 : 5,1511
7557 : 3,11,229
7559 : 7559
7561 : 7561
7563 : 3,2521
7565 : 5,17,89
7567 : 7,23,47
7569 : 3,3,29,29
7571 : 67,113
7573 : 7573
7575 : 3,5,5,101
7577 : 7577
7579 : 11,13,53
7581 : 3,7,19,19
7583 : 7583
7585 : 5,37,41
7587 : 3,3,3,281
7589 : 7589
7591 : 7591
7593 : 3,2531
7595 : 5,7,7,31
7597 : 71,107
7599 : 3,17,149
7601 : 11,691
7603 : 7603
7605 : 3,3,5,13,13
7607 : 7607
7609 : 7,1087
7611 : 3,43,59
7613 : 23,331
7615 : 5,1523
7617 : 3,2539
7619 : 19,401
7621 : 7621
7623 : 3,3,7,11,11
7625 : 5,5,5,61
7627 : 29,263
7629 : 3,2543
7631 : 13,587
7633 : 17,449
7635 : 3,5,509
7637 : 7,1091
7639 : 7639
7641 : 3,3,3,283
7643 : 7643
7645 : 5,11,139
7647 : 3,2549
7649 : 7649
7651 : 7,1093
7653 : 3,2551
7655 : 5,1531
7657 : 13,19,31
7659 : 3,3,23,37
7661 : 47,163
7663 : 79,97
7665 : 3,5,7,73
7667 : 11,17,41
7669 : 7669
7671 : 3,2557
7673 : 7673
7675 : 5,5,307
7677 : 3,3,853
7679 : 7,1097
7681 : 7681
7683 : 3,13,197
7685 : 5,29,53
7687 : 7687
7689 : 3,11,233
7691 : 7691
7693 : 7,7,157
7695 : 3,3,3,3,5,19
7697 : 43,179
7699 : 7699
7701 : 3,17,151
7703 : 7703
7705 : 5,23,67
7707 : 3,7,367
7709 : 13,593
7711 : 11,701
7713 : 3,3,857
7715 : 5,1543
7717 : 7717
7719 : 3,31,83
7721 : 7,1103
7723 : 7723
7725 : 3,5,5,103
7727 : 7727
7729 : 59,131
7731 : 3,3,859
7733 : 11,19,37
7735 : 5,7,13,17
7737 : 3,2579
7739 : 71,109
7741 : 7741
7743 : 3,29,89
7745 : 5,1549
7747 : 61,127
7749 : 3,3,3,7,41
7751 : 23,337
7753 : 7753
7755 : 3,5,11,47
7757 : 7757
7759 : 7759
7761 : 3,13,199
7763 : 7,1109
7765 : 5,1553
7767 : 3,3,863
7769 : 17,457
7771 : 19,409
7773 : 3,2591
7775 : 5,5,311
7777 : 7,11,101
7779 : 3,2593
7781 : 31,251
7783 : 43,181
7785 : 3,3,5,173
7787 : 13,599
7789 : 7789
7791 : 3,7,7,53
7793 : 7793
7795 : 5,1559
7797 : 3,23,113
7799 : 11,709
7801 : 29,269
7803 : 3,3,3,17,17
7805 : 5,7,223
7807 : 37,211
7809 : 3,19,137
7811 : 73,107
7813 : 13,601
7815 : 3,5,521
7817 : 7817
7819 : 7,1117
7821 : 3,3,11,79
7823 : 7823
7825 : 5,5,313
7827 : 3,2609
7829 : 7829
7831 : 41,191
7833 : 3,7,373
7835 : 5,1567
7837 : 17,461
7839 : 3,3,13,67
7841 : 7841
7843 : 11,23,31
7845 : 3,5,523
7847 : 7,19,59
7849 : 47,167
7851 : 3,2617
7853 : 7853
7855 : 5,1571
7857 : 3,3,3,3,97
7859 : 29,271
7861 : 7,1123
7863 : 3,2621
7865 : 5,11,11,13
7867 : 7867
7869 : 3,43,61
7871 : 17,463
7873 : 7873
7875 : 3,3,5,5,5,7
7877 : 7877
7879 : 7879
7881 : 3,37,71
7883 : 7883
7885 : 5,19,83
7887 : 3,11,239
7889 : 7,7,7,23
7891 : 13,607
7893 : 3,3,877
7895 : 5,1579
7897 : 53,149
7899 : 3,2633
7901 : 7901
7903 : 7,1129
7905 : 3,5,17,31
7907 : 7907
7909 : 11,719
7911 : 3,3,3,293
7913 : 41,193
7915 : 5,1583
7917 : 3,7,13,29
7919 : 7919
7921 : 89,89
7923 : 3,19,139
7925 : 5,5,317
7927 : 7927
7929 : 3,3,881
7931 : 7,11,103
7933 : 7933
7935 : 3,5,23,23
7937 : 7937
7939 : 17,467
7941 : 3,2647
7943 : 13,13,47
7945 : 5,7,227
7947 : 3,3,883
7949 : 7949
7951 : 7951
7953 : 3,11,241
7955 : 5,37,43
7957 : 73,109
7959 : 3,7,379
7961 : 19,419
7963 : 7963
7965 : 3,3,3,5,59
7967 : 31,257
7969 : 13,613
7971 : 3,2657
7973 : 7,17,67
7975 : 5,5,11,29
7977 : 3,2659
7979 : 79,101
7981 : 23,347
7983 : 3,3,887
7985 : 5,1597
7987 : 7,7,163
7989 : 3,2663
7991 : 61,131
7993 : 7993
7995 : 3,5,13,41
7997 : 11,727
7999 : 19,421
8001 : 3,3,7,127
8003 : 53,151
8005 : 5,1601
8007 : 3,17,157
8009 : 8009
8011 : 8011
8013 : 3,2671
8015 : 5,7,229
8017 : 8017
8019 : 3,3,3,3,3,3,11
8021 : 13,617
8023 : 71,113
8025 : 3,5,5,107
8027 : 23,349
8029 : 7,31,37
8031 : 3,2677
8033 : 29,277
8035 : 5,1607
8037 : 3,3,19,47
8039 : 8039
8041 : 11,17,43
8043 : 3,7,383
8045 : 5,1609
8047 : 13,619
8049 : 3,2683
8051 : 83,97
8053 : 8053
8055 : 3,3,5,179
8057 : 7,1151
8059 : 8059
8061 : 3,2687
8063 : 11,733
8065 : 5,1613
8067 : 3,2689
8069 : 8069
8071 : 7,1153
8073 : 3,3,3,13,23
8075 : 5,5,17,19
8077 : 41,197
8079 : 3,2693
8081 : 8081
8083 : 59,137
8085 : 3,5,7,7,11
8087 : 8087
8089 : 8089
8091 : 3,3,29,31
8093 : 8093
8095 : 5,1619
8097 : 3,2699
8099 : 7,13,89
8101 : 8101
8103 : 3,37,73
8105 : 5,1621
8107 : 11,11,67
8109 : 3,3,17,53
8111 : 8111
8113 : 7,19,61
8115 : 3,5,541
8117 : 8117
8119 : 23,353
8121 : 3,2707
8123 : 8123
8125 : 5,5,5,5,13
8127 : 3,3,3,7,43
8129 : 11,739
8131 : 47,173
8133 : 3,2711
8135 : 5,1627
8137 : 79,103
8139 : 3,2713
8141 : 7,1163
8143 : 17,479
8145 : 3,3,5,181
8147 : 8147
8149 : 29,281
8151 : 3,11,13,19
8153 : 31,263
8155 : 5,7,233
8157 : 3,2719
8159 : 41,199
8161 : 8161
8163 : 3,3,907
8165 : 5,23,71
8167 : 8167
8169 : 3,7,389
8171 : 8171
8173 : 11,743
8175 : 3,5,5,109
8177 : 13,17,37
8179 : 8179
8181 : 3,3,3,3,101
8183 : 7,7,167
8185 : 5,1637
8187 : 3,2729
8189 : 19,431
8191 : 8191
8193 : 3,2731
8195 : 5,11,149
8197 : 7,1171
8199 : 3,3,911
8201 : 59,139
8203 : 13,631
8205 : 3,5,547
8207 : 29,283
8209 : 8209
8211 : 3,7,17,23
8213 : 43,191
8215 : 5,31,53
8217 : 3,3,11,83
8219 : 8219
8221 : 8221
8223 : 3,2741
8225 : 5,5,7,47
8227 : 19,433
8229 : 3,13,211
8231 : 8231
8233 : 8233
8235 : 3,3,3,5,61
8237 : 8237
8239 : 7,11,107
8241 : 3,41,67
8243 : 8243
8245 : 5,17,97
8247 : 3,2749
8249 : 73,113
8251 : 37,223
8253 : 3,3,7,131
8255 : 5,13,127
8257 : 23,359
8259 : 3,2753
8261 : 11,751
8263 : 8263
8265 : 3,5,19,29
8267 : 7,1181
8269 : 8269
8271 : 3,3,919
8273 : 8273
8275 : 5,5,331
8277 : 3,31,89
8279 : 17,487
8281 : 7,7,13,13
8283 : 3,11,251
8285 : 5,1657
8287 : 8287
8289 : 3,3,3,307
8291 : 8291
8293 : 8293
8295 : 3,5,7,79
8297 : 8297
8299 : 43,193
8301 : 3,2767
8303 : 19,19,23
8305 : 5,11,151
8307 : 3,3,13,71
8309 : 7,1187
8311 : 8311
8313 : 3,17,163
8315 : 5,1663
8317 : 8317
8319 : 3,47,59
8321 : 53,157
8323 : 7,29,41
8325 : 3,3,5,5,37
8327 : 11,757
8329 : 8329
8331 : 3,2777
8333 : 13,641
8335 : 5,1667
8337 : 3,7,397
8339 : 31,269
8341 : 19,439
8343 : 3,3,3,3,103
8345 : 5,1669
8347 : 17,491
8349 : 3,11,11,23
8351 : 7,1193
8353 : 8353
8355 : 3,5,557
8357 : 61,137
8359 : 13,643
8361 : 3,3,929
8363 : 8363
8365 : 5,7,239
8367 : 3,2789
8369 : 8369
8371 : 11,761
8373 : 3,2791
8375 : 5,5,5,67
8377 : 8377
8379 : 3,3,7,7,19
8381 : 17,17,29
8383 : 83,101
8385 : 3,5,13,43
8387 : 8387
8389 : 8389
8391 : 3,2797
8393 : 7,11,109
8395 : 5,23,73
8397 : 3,3,3,311
8399 : 37,227
8401 : 31,271
8403 : 3,2801
8405 : 5,41,41
8407 : 7,1201
8409 : 3,2803
8411 : 13,647
8413 : 47,179
8415 : 3,3,5,11,17
8417 : 19,443
8419 : 8419
8421 : 3,7,401
8423 : 8423
8425 : 5,5,337
8427 : 3,53,53
8429 : 8429
8431 : 8431
8433 : 3,3,937
8435 : 5,7,241
8437 : 11,13,59
8439 : 3,29,97
8441 : 23,367
8443 : 8443
8445 : 3,5,563
8447 : 8447
8449 : 7,17,71
8451 : 3,3,3,313
8453 : 79,107
8455 : 5,19,89
8457 : 3,2819
8459 : 11,769
8461 : 8461
8463 : 3,7,13,31
8465 : 5,1693
8467 : 8467
8469 : 3,3,941
8471 : 43,197
8473 : 37,229
8475 : 3,5,5,113
8477 : 7,7,173
8479 : 61,139
8481 : 3,11,257
8483 : 17,499
8485 : 5,1697
8487 : 3,3,23,41
8489 : 13,653
8491 : 7,1213
8493 : 3,19,149
8495 : 5,1699
8497 : 29,293
8499 : 3,2833
8501 : 8501
8503 : 11,773
8505 : 3,3,3,3,3,5,7
8507 : 47,181
8509 : 67,127
8511 : 3,2837
8513 : 8513
8515 : 5,13,131
8517 : 3,17,167
8519 : 7,1217
8521 : 8521
8523 : 3,3,947
8525 : 5,5,11,31
8527 : 8527
8529 : 3,2843
8531 : 19,449
8533 : 7,23,53
8535 : 3,5,569
8537 : 8537
8539 : 8539
8541 : 3,3,13,73
8543 : 8543
8545 : 5,1709
8547 : 3,7,11,37
8549 : 83,103
8551 : 17,503
8553 : 3,2851
8555 : 5,29,59
8557 : 43,199
8559 : 3,3,3,317
8561 : 7,1223
8563 : 8563
8565 : 3,5,571
8567 : 13,659
8569 : 11,19,41
8571 : 3,2857
8573 : 8573
8575 : 5,5,7,7,7
8577 : 3,3,953
8579 : 23,373
8581 : 8581
8583 : 3,2861
8585 : 5,17,101
8587 : 31,277
8589 : 3,7,409
8591 : 11,11,71
8593 : 13,661
8595 : 3,3,5,191
8597 : 8597
8599 : 8599
8601 : 3,47,61
8603 : 7,1229
8605 : 5,1721
8607 : 3,19,151
8609 : 8609
8611 : 79,109
8613 : 3,3,3,11,29
8615 : 5,1723
8617 : 7,1231
8619 : 3,13,13,17
8621 : 37,233
8623 : 8623
8625 : 3,5,5,5,23
8627 : 8627
8629 : 8629
8631 : 3,3,7,137
8633 : 89,97
8635 : 5,11,157
8637 : 3,2879
8639 : 53,163
8641 : 8641
8643 : 3,43,67
8645 : 5,7,13,19
8647 : 8647
8649 : 3,3,31,31
8651 : 41,211
8653 : 17,509
8655 : 3,5,577
8657 : 11,787
8659 : 7,1237
8661 : 3,2887
8663 : 8663
8665 : 5,1733
8667 : 3,3,3,3,107
8669 : 8669
8671 : 13,23,29
8673 : 3,7,7,59
8675 : 5,5,347
8677 : 8677
8679 : 3,11,263
8681 : 8681
8683 : 19,457
8685 : 3,3,5,193
8687 : 7,17,73
8689 : 8689
8691 : 3,2897
8693 : 8693
8695 : 5,37,47
8697 : 3,13,223
8699 : 8699
8701 : 7,11,113
8703 : 3,3,967
8705 : 5,1741
8707 : 8707
8709 : 3,2903
8711 : 31,281
8713 : 8713
8715 : 3,5,7,83
8717 : 23,379
8719 : 8719
8721 : 3,3,3,17,19
8723 : 11,13,61
8725 : 5,5,349
8727 : 3,2909
8729 : 7,29,43
8731 : 8731
8733 : 3,41,71
8735 : 5,1747
8737 : 8737
8739 : 3,3,971
8741 : 8741
8743 : 7,1249
8745 : 3,5,11,53
8747 : 8747
8749 : 13,673
8751 : 3,2917
8753 : 8753
8755 : 5,17,103
8757 : 3,3,7,139
8759 : 19,461
8761 : 8761
8763 : 3,23,127
8765 : 5,1753
8767 : 11,797
8769 : 3,37,79
8771 : 7,7,179
8773 : 31,283
8775 : 3,3,3,5,5,13
8777 : 67,131
8779 : 8779
8781 : 3,2927
8783 : 8783
8785 : 5,7,251
8787 : 3,29,101
8789 : 11,17,47
8791 : 59,149
8793 : 3,3,977
8795 : 5,1759
8797 : 19,463
8799 : 3,7,419
8801 : 13,677
8803 : 8803
8805 : 3,5,587
8807 : 8807
8809 : 23,383
8811 : 3,3,11,89
8813 : 7,1259
8815 : 5,41,43
8817 : 3,2939
8819 : 8819
8821 : 8821
8823 : 3,17,173
8825 : 5,5,353
8827 : 7,13,97
8829 : 3,3,3,3,109
8831 : 8831
8833 : 11,11,73
8835 : 3,5,19,31
8837 : 8837
8839 : 8839
8841 : 3,7,421
8843 : 37,239
8845 : 5,29,61
8847 : 3,3,983
8849 : 8849
8851 : 53,167
8853 : 3,13,227
8855 : 5,7,11,23
8857 : 17,521
8859 : 3,2953
8861 : 8861
8863 : 8863
8865 : 3,3,5,197
8867 : 8867
8869 : 7,7,181
8871 : 3,2957
8873 : 19,467
8875 : 5,5,5,71
8877 : 3,11,269
8879 : 13,683
8881 : 83,107
8883 : 3,3,3,7,47
8885 : 5,1777
8887 : 8887
8889 : 3,2963
8891 : 17,523
8893 : 8893
8895 : 3,5,593
8897 : 7,31,41
8899 : 11,809
8901 : 3,3,23,43
8903 : 29,307
8905 : 5,13,137
8907 : 3,2969
8909 : 59,151
8911 : 7,19,67
8913 : 3,2971
8915 : 5,1783
8917 : 37,241
8919 : 3,3,991
8921 : 11,811
8923 : 8923
8925 : 3,5,5,7,17
8927 : 79,113
8929 : 8929
8931 : 3,13,229
8933 : 8933
8935 : 5,1787
8937 : 3,3,3,331
8939 : 7,1277
8941 : 8941
8943 : 3,11,271
8945 : 5,1789
8947 : 23,389
8949 : 3,19,157
8951 : 8951
8953 : 7,1279
8955 : 3,3,5,199
8957 : 13,13,53
8959 : 17,17,31
8961 : 3,29,103
8963 : 8963
8965 : 5,11,163
8967 : 3,7,7,61
8969 : 8969
8971 : 8971
8973 : 3,3,997
8975 : 5,5,359
8977 : 47,191
8979 : 3,41,73
8981 : 7,1283
8983 : 13,691
8985 : 3,5,599
8987 : 11,19,43
8989 : 89,101
8991 : 3,3,3,3,3,37
8993 : 17,23,23
8995 : 5,7,257
8997 : 3,2999
8999 : 8999
9001 : 9001
9003 : 3,3001
9005 : 5,1801
9007 : 9007
9009 : 3,3,7,11,13
9011 : 9011
9013 : 9013
9015 : 3,5,601
9017 : 71,127
9019 : 29,311
9021 : 3,31,97
9023 : 7,1289
9025 : 5,5,19,19
9027 : 3,3,17,59
9029 : 9029
9031 : 11,821
9033 : 3,3011
9035 : 5,13,139
9037 : 7,1291
9039 : 3,23,131
9041 : 9041
9043 : 9043
9045 : 3,3,3,5,67
9047 : 83,109
9049 : 9049
9051 : 3,7,431
9053 : 11,823
9055 : 5,1811
9057 : 3,3019
9059 : 9059
9061 : 13,17,41
9063 : 3,3,19,53
9065 : 5,7,7,37
9067 : 9067
9069 : 3,3023
9071 : 47,193
9073 : 43,211
9075 : 3,5,5,11,11
9077 : 29,313
9079 : 7,1297
9081 : 3,3,1009
9083 : 31,293
9085 : 5,23,79
9087 : 3,13,233
9089 : 61,149
9091 : 9091
9093 : 3,7,433
9095 : 5,17,107
9097 : 11,827
9099 : 3,3,3,337
9101 : 19,479
9103 : 9103
9105 : 3,5,607
9107 : 7,1301
9109 : 9109
9111 : 3,3037
9113 : 13,701
9115 : 5,1823
9117 : 3,3,1013
9119 : 11,829
9121 : 7,1303
9123 : 3,3041
9125 : 5,5,5,73
9127 : 9127
9129 : 3,17,179
9131 : 23,397
9133 : 9133
9135 : 3,3,5,7,29
9137 : 9137
9139 : 13,19,37
9141 : 3,11,277
9143 : 41,223
9145 : 5,31,59
9147 : 3,3049
9149 : 7,1307
9151 : 9151
9153 : 3,3,3,3,113
9155 : 5,1831
9157 : 9157
9159 : 3,43,71
9161 : 9161
9163 : 7,7,11,17
9165 : 3,5,13,47
9167 : 89,103
9169 : 53,173
9171 : 3,3,1019
9173 : 9173
9175 : 5,5,367
9177 : 3,7,19,23
9179 : 67,137
9181 : 9181
9183 : 3,3061
9185 : 5,11,167
9187 : 9187
9189 : 3,3,1021
9191 : 7,13,101
9193 : 29,317
9195 : 3,5,613
9197 : 17,541
9199 : 9199
9201 : 3,3067
9203 : 9203
9205 : 5,7,263
9207 : 3,3,3,11,31
9209 : 9209
9211 : 61,151
9213 : 3,37,83
9215 : 5,19,97
9217 : 13,709
9219 : 3,7,439
9221 : 9221
9223 : 23,401
9225 : 3,3,5,5,41
9227 : 9227
9229 : 11,839
9231 : 3,17,181
9233 : 7,1319
9235 : 5,1847
9237 : 3,3079
9239 : 9239
9241 : 9241
9243 : 3,3,13,79
9245 : 5,43,43
9247 : 7,1321
9249 : 3,3083
9251 : 11,29,29
9253 : 19,487
9255 : 3,5,617
9257 : 9257
9259 : 47,197
9261 : 3,3,3,7,7,7
9263 : 59,157
9265 : 5,17,109
9267 : 3,3089
9269 : 13,23,31
9271 : 73,127
9273 : 3,11,281
9275 : 5,5,7,53
9277 : 9277
9279 : 3,3,1031
9281 : 9281
9283 : 9283
9285 : 3,5,619
9287 : 37,251
9289 : 7,1327
9291 : 3,19,163
9293 : 9293
9295 : 5,11,13,13
9297 : 3,3,1033
9299 : 17,547
9301 : 71,131
9303 : 3,7,443
9305 : 5,1861
9307 : 41,227
9309 : 3,29,107
9311 : 9311
9313 : 67,139
9315 : 3,3,3,3,5,23
9317 : 7,11,11,11
9319 : 9319
9321 : 3,13,239
9323 : 9323
9325 : 5,5,373
9327 : 3,3109
9329 : 19,491
9331 : 7,31,43
9333 : 3,3,17,61
9335 : 5,1867
9337 : 9337
9339 : 3,11,283
9341 : 9341
9343 : 9343
9345 : 3,5,7,89
9347 : 13,719
9349 : 9349
9351 : 3,3,1039
9353 : 47,199
9355 : 5,1871
9357 : 3,3119
9359 : 7,7,191
9361 : 11,23,37
9363 : 3,3121
9365 : 5,1873
9367 : 17,19,29
9369 : 3,3,3,347
9371 : 9371
9373 : 7,13,103
9375 : 3,5,5,5,5,5
9377 : 9377
9379 : 83,113
9381 : 3,53,59
9383 : 11,853
9385 : 5,1877
9387 : 3,3,7,149
9389 : 41,229
9391 : 9391
9393 : 3,31,101
9395 : 5,1879
9397 : 9397
9399 : 3,13,241
9401 : 7,17,79
9403 : 9403
9405 : 3,3,5,11,19
9407 : 23,409
9409 : 97,97
9411 : 3,3137
9413 : 9413
9415 : 5,7,269
9417 : 3,43,73
9419 : 9419
9421 : 9421
9423 : 3,3,3,349
9425 : 5,5,13,29
9427 : 11,857
9429 : 3,7,449
9431 : 9431
9433 : 9433
9435 : 3,5,17,37
9437 : 9437
9439 : 9439
9441 : 3,3,1049
9443 : 7,19,71
9445 : 5,1889
9447 : 3,47,67
9449 : 11,859
9451 : 13,727
9453 : 3,23,137
9455 : 5,31,61
9457 : 7,7,193
9459 : 3,3,1051
9461 : 9461
9463 : 9463
9465 : 3,5,631
9467 : 9467
9469 : 17,557
9471 : 3,7,11,41
9473 : 9473
9475 : 5,5,379
9477 : 3,3,3,3,3,3,13
9479 : 9479
9481 : 19,499
9483 : 3,29,109
9485 : 5,7,271
9487 : 53,179
9489 : 3,3163
9491 : 9491
9493 : 11,863
9495 : 3,3,5,211
9497 : 9497
9499 : 7,23,59
9501 : 3,3167
9503 : 13,17,43
9505 : 5,1901
9507 : 3,3169
9509 : 37,257
9511 : 9511
9513 : 3,3,7,151
9515 : 5,11,173
9517 : 31,307
9519 : 3,19,167
9521 : 9521
9523 : 89,107
9525 : 3,5,5,127
9527 : 7,1361
9529 : 13,733
9531 : 3,3,3,353
9533 : 9533
9535 : 5,1907
9537 : 3,11,17,17
9539 : 9539
9541 : 7,29,47
9543 : 3,3181
9545 : 5,23,83
9547 : 9547
9549 : 3,3,1061
9551 : 9551
9553 : 41,233
9555 : 3,5,7,7,13
9557 : 19,503
9559 : 11,11,79
9561 : 3,3187
9563 : 73,131
9565 : 5,1913
9567 : 3,3,1063
9569 : 7,1367
9571 : 17,563
9573 : 3,3191
9575 : 5,5,383
9577 : 61,157
9579 : 3,31,103
9581 : 11,13,67
9583 : 7,37,37
9585 : 3,3,3,5,71
9587 : 9587
9589 : 43,223
9591 : 3,23,139
9593 : 53,181
9595 : 5,19,101
9597 : 3,7,457
9599 : 29,331
9601 : 9601
9603 : 3,3,11,97
9605 : 5,17,113
9607 : 13,739
9609 : 3,3203
9611 : 7,1373
9613 : 9613
9615 : 3,5,641
9617 : 59,163
9619 : 9619
9621 : 3,3,1069
9623 : 9623
9625 : 5,5,5,7,11
9627 : 3,3209
9629 : 9629
9631 : 9631
9633 : 3,13,13,19
9635 : 5,41,47
9637 : 23,419
9639 : 3,3,3,3,7,17
9641 : 31,311
9643 : 9643
9645 : 3,5,643
9647 : 11,877
9649 : 9649
9651 : 3,3217
9653 : 7,7,197
9655 : 5,1931
9657 : 3,3,29,37
9659 : 13,743
9661 : 9661
9663 : 3,3221
9665 : 5,1933
9667 : 7,1381
9669 : 3,11,293
9671 : 19,509
9673 : 17,569
9675 : 3,3,5,5,43
9677 : 9677
9679 : 9679
9681 : 3,7,461
9683 : 23,421
9685 : 5,13,149
9687 : 3,3229
9689 : 9689
9691 : 11,881
9693 : 3,3,3,359
9695 : 5,7,277
9697 : 9697
9699 : 3,53,61
9701 : 89,109
9703 : 31,313
9705 : 3,5,647
9707 : 17,571
9709 : 7,19,73
9711 : 3,3,13,83
9713 : 11,883
9715 : 5,29,67
9717 : 3,41,79
9719 : 9719
9721 : 9721
9723 : 3,7,463
9725 : 5,5,389
9727 : 71,137
9729 : 3,3,23,47
9731 : 37,263
9733 : 9733
9735 : 3,5,11,59
9737 : 7,13,107
9739 : 9739
9741 : 3,17,191
9743 : 9743
9745 : 5,1949
9747 : 3,3,3,19,19
9749 : 9749
9751 : 7,7,199
9753 : 3,3251
9755 : 5,1951
9757 : 11,887
9759 : 3,3253
9761 : 43,227
9763 : 13,751
9765 : 3,3,5,7,31
9767 : 9767
9769 : 9769
9771 : 3,3257
9773 : 29,337
9775 : 5,5,17,23
9777 : 3,3259
9779 : 7,11,127
9781 : 9781
9783 : 3,3,1087
9785 : 5,19,103
9787 : 9787
9789 : 3,13,251
9791 : 9791
9793 : 7,1399
9795 : 3,5,653
9797 : 97,101
9799 : 41,239
9801 : 3,3,3,3,11,11
9803 : 9803
9805 : 5,37,53
9807 : 3,7,467
9809 : 17,577
9811 : 9811
9813 : 3,3271
9815 : 5,13,151
9817 : 9817
9819 : 3,3,1091
9821 : 7,23,61
9823 : 11,19,47
9825 : 3,5,5,131
9827 : 31,317
9829 : 9829
9831 : 3,29,113
9833 : 9833
9835 : 5,7,281
9837 : 3,3,1093
9839 : 9839
9841 : 13,757
9843 : 3,17,193
9845 : 5,11,179
9847 : 43,229
9849 : 3,7,7,67
9851 : 9851
9853 : 59,167
9855 : 3,3,3,5,73
9857 : 9857
9859 : 9859
9861 : 3,19,173
9863 : 7,1409
9865 : 5,1973
9867 : 3,11,13,23
9869 : 71,139
9871 : 9871
9873 : 3,3,1097
9875 : 5,5,5,79
9877 : 7,17,83
9879 : 3,37,89
9881 : 41,241
9883 : 9883
9885 : 3,5,659
9887 : 9887
9889 : 11,29,31
9891 : 3,3,7,157
9893 : 13,761
9895 : 5,1979
9897 : 3,3299
9899 : 19,521
9901 : 9901
9903 : 3,3301
9905 : 5,7,283
9907 : 9907
9909 : 3,3,3,367
9911 : 11,17,53
9913 : 23,431
9915 : 3,5,661
9917 : 47,211
9919 : 7,13,109
9921 : 3,3307
9923 : 9923
9925 : 5,5,397
9927 : 3,3,1103
9929 : 9929
9931 : 9931
9933 : 3,7,11,43
9935 : 5,1987
9937 : 19,523
9939 : 3,3313
9941 : 9941
9943 : 61,163
9945 : 3,3,5,13,17
9947 : 7,7,7,29
9949 : 9949
9951 : 3,31,107
9953 : 37,269
9955 : 5,11,181
9957 : 3,3319
9959 : 23,433
9961 : 7,1423
9963 : 3,3,3,3,3,41
9965 : 5,1993
9967 : 9967
9969 : 3,3323
9971 : 13,13,59
9973 : 9973
9975 : 3,5,5,7,19
9977 : 11,907
9979 : 17,587
9981 : 3,3,1109
9983 : 67,149
9985 : 5,1997
9987 : 3,3329
9989 : 7,1427
9991 : 97,103
9993 : 3,3331
9995 : 5,1999
9997 : 13,769
9999 : 3,3,11,101
